Channel number	Impulses
Channel/#	Impulses/#

0	0
1	0
2	0
3	0
4	0
5	0
6	0
7	0
8	0
9	0
10	0
11	0
12	0
13	0
14	0
15	0
16	0
17	0
18	0
19	0
20	0
21	0
22	0
23	0
24	0
25	0
26	0
27	0
28	0
29	0
30	0
31	0
32	0
33	0
34	0
35	0
36	0
37	0
38	0
39	0
40	0
41	0
42	0
43	0
44	0
45	0
46	0
47	0
48	0
49	0
50	0
51	0
52	0
53	1
54	1
55	0
56	1
57	5
58	0
59	1
60	3
61	1
62	3
63	1
64	1
65	5
66	1
67	0
68	2
69	1
70	2
71	2
72	1
73	3
74	1
75	6
76	2
77	3
78	3
79	3
80	1
81	0
82	2
83	4
84	1
85	2
86	3
87	0
88	4
89	1
90	3
91	3
92	1
93	1
94	3
95	2
96	2
97	3
98	4
99	1
100	2
101	3
102	5
103	4
104	0
105	2
106	1
107	2
108	2
109	1
110	0
111	2
112	0
113	0
114	2
115	2
116	0
117	3
118	2
119	4
120	0
121	1
122	1
123	1
124	3
125	3
126	1
127	2
128	0
129	1
130	3
131	2
132	1
133	0
134	1
135	0
136	2
137	2
138	3
139	4
140	2
141	2
142	0
143	1
144	5
145	0
146	1
147	1
148	3
149	4
150	3
151	0
152	2
153	2
154	2
155	1
156	2
157	2
158	1
159	2
160	2
161	3
162	1
163	3
164	1
165	4
166	0
167	4
168	1
169	3
170	1
171	2
172	2
173	1
174	3
175	1
176	2
177	3
178	0
179	0
180	2
181	3
182	1
183	0
184	1
185	0
186	1
187	1
188	3
189	0
190	0
191	1
192	1
193	1
194	0
195	3
196	0
197	1
198	1
199	2
200	3
201	1
202	0
203	1
204	0
205	4
206	1
207	1
208	2
209	1
210	0
211	2
212	1
213	0
214	1
215	1
216	3
217	2
218	3
219	3
220	2
221	0
222	1
223	2
224	0
225	0
226	2
227	1
228	1
229	1
230	2
231	0
232	1
233	1
234	0
235	0
236	1
237	2
238	2
239	4
240	1
241	0
242	2
243	0
244	1
245	2
246	1
247	0
248	3
249	1
250	1
251	2
252	1
253	1
254	4
255	2
256	0
257	0
258	2
259	2
260	4
261	1
262	1
263	3
264	0
265	1
266	0
267	0
268	3
269	2
270	1
271	4
272	0
273	1
274	2
275	3
276	0
277	0
278	3
279	0
280	1
281	4
282	1
283	2
284	3
285	2
286	0
287	3
288	3
289	1
290	3
291	1
292	2
293	4
294	2
295	0
296	0
297	2
298	2
299	1
300	2
301	0
302	1
303	0
304	2
305	2
306	0
307	0
308	2
309	2
310	4
311	0
312	3
313	2
314	1
315	1
316	1
317	1
318	2
319	3
320	1
321	1
322	4
323	2
324	2
325	1
326	2
327	5
328	6
329	0
330	3
331	2
332	1
333	4
334	1
335	4
336	4
337	6
338	5
339	3
340	11
341	2
342	1
343	8
344	8
345	7
346	3
347	6
348	10
349	5
350	3
351	13
352	2
353	6
354	5
355	4
356	4
357	3
358	1
359	5
360	1
361	3
362	6
363	10
364	10
365	6
366	1
367	6
368	3
369	9
370	3
371	2
372	5
373	3
374	3
375	6
376	3
377	1
378	3
379	6
380	5
381	1
382	1
383	6
384	0
385	4
386	8
387	3
388	3
389	3
390	1
391	1
392	1
393	2
394	1
395	2
396	2
397	0
398	2
399	1
400	2
401	1
402	4
403	3
404	3
405	0
406	3
407	0
408	2
409	2
410	1
411	3
412	3
413	1
414	0
415	2
416	3
417	0
418	2
419	3
420	3
421	1
422	1
423	1
424	0
425	0
426	2
427	2
428	2
429	0
430	0
431	0
432	0
433	1
434	4
435	1
436	2
437	2
438	2
439	0
440	1
441	0
442	2
443	0
444	0
445	0
446	2
447	2
448	0
449	0
450	1
451	3
452	0
453	2
454	3
455	0
456	1
457	1
458	3
459	1
460	3
461	1
462	1
463	0
464	1
465	0
466	1
467	2
468	4
469	1
470	3
471	1
472	2
473	1
474	1
475	3
476	5
477	1
478	0
479	2
480	0
481	2
482	5
483	2
484	1
485	0
486	4
487	1
488	1
489	2
490	1
491	1
492	3
493	1
494	4
495	3
496	1
497	2
498	3
499	2
500	3
501	2
502	6
503	1
504	8
505	3
506	1
507	1
508	4
509	3
510	4
511	6
512	1
513	2
514	1
515	4
516	1
517	3
518	3
519	4
520	1
521	7
522	6
523	3
524	0
525	4
526	4
527	3
528	0
529	1
530	1
531	0
532	0
533	1
534	1
535	2
536	1
537	3
538	0
539	1
540	2
541	2
542	3
543	1
544	3
545	6
546	0
547	1
548	2
549	2
550	1
551	0
552	5
553	2
554	0
555	3
556	4
557	0
558	2
559	1
560	3
561	0
562	4
563	2
564	2
565	2
566	3
567	3
568	1
569	1
570	0
571	2
572	0
573	0
574	1
575	2
576	0
577	3
578	1
579	0
580	2
581	1
582	1
583	1
584	1
585	6
586	2
587	1
588	0
589	4
590	3
591	0
592	0
593	2
594	0
595	2
596	3
597	0
598	1
599	1
600	1
601	1
602	6
603	3
604	4
605	1
606	1
607	0
608	1
609	1
610	1
611	3
612	2
613	1
614	1
615	1
616	5
617	0
618	1
619	1
620	2
621	5
622	1
623	3
624	3
625	0
626	1
627	1
628	1
629	0
630	2
631	1
632	1
633	1
634	2
635	2
636	4
637	0
638	2
639	4
640	2
641	0
642	2
643	1
644	1
645	2
646	1
647	3
648	4
649	4
650	2
651	4
652	2
653	0
654	3
655	2
656	4
657	1
658	2
659	5
660	5
661	0
662	2
663	5
664	2
665	4
666	2
667	1
668	1
669	2
670	5
671	5
672	0
673	0
674	4
675	3
676	6
677	3
678	2
679	5
680	4
681	5
682	0
683	1
684	3
685	3
686	2
687	3
688	0
689	3
690	1
691	4
692	2
693	2
694	3
695	2
696	3
697	0
698	1
699	2
700	5
701	2
702	1
703	4
704	0
705	1
706	2
707	1
708	4
709	1
710	2
711	0
712	0
713	2
714	1
715	0
716	1
717	0
718	1
719	1
720	2
721	1
722	3
723	0
724	3
725	0
726	1
727	2
728	3
729	1
730	5
731	1
732	0
733	1
734	0
735	0
736	2
737	1
738	5
739	1
740	1
741	1
742	3
743	6
744	2
745	2
746	1
747	1
748	1
749	1
750	2
751	2
752	1
753	0
754	4
755	0
756	5
757	1
758	1
759	0
760	1
761	2
762	0
763	1
764	1
765	2
766	2
767	1
768	0
769	0
770	0
771	0
772	3
773	0
774	3
775	2
776	3
777	1
778	3
779	0
780	2
781	3
782	2
783	2
784	4
785	0
786	4
787	3
788	2
789	1
790	4
791	5
792	2
793	3
794	2
795	4
796	2
797	3
798	6
799	2
800	0
801	4
802	1
803	3
804	2
805	4
806	9
807	1
808	4
809	3
810	1
811	5
812	1
813	4
814	6
815	2
816	2
817	1
818	1
819	1
820	4
821	2
822	3
823	4
824	4
825	5
826	1
827	4
828	2
829	2
830	1
831	4
832	2
833	0
834	4
835	1
836	5
837	1
838	4
839	4
840	3
841	4
842	2
843	3
844	2
845	2
846	2
847	1
848	5
849	2
850	3
851	4
852	5
853	2
854	5
855	3
856	4
857	4
858	4
859	5
860	7
861	2
862	10
863	5
864	5
865	6
866	8
867	7
868	12
869	4
870	16
871	4
872	2
873	3
874	4
875	8
876	13
877	7
878	8
879	7
880	3
881	9
882	5
883	8
884	9
885	12
886	10
887	4
888	6
889	6
890	10
891	13
892	10
893	8
894	9
895	11
896	5
897	6
898	9
899	12
900	9
901	11
902	13
903	9
904	13
905	14
906	16
907	16
908	18
909	14
910	22
911	23
912	26
913	27
914	26
915	27
916	22
917	26
918	41
919	27
920	32
921	39
922	46
923	40
924	61
925	59
926	49
927	69
928	46
929	59
930	73
931	59
932	76
933	54
934	92
935	63
936	62
937	74
938	63
939	58
940	100
941	88
942	88
943	53
944	78
945	68
946	73
947	89
948	83
949	66
950	103
951	65
952	89
953	91
954	73
955	79
956	90
957	75
958	88
959	77
960	51
961	61
962	91
963	60
964	67
965	48
966	70
967	40
968	51
969	46
970	59
971	40
972	43
973	44
974	44
975	27
976	32
977	27
978	36
979	34
980	34
981	20
982	35
983	11
984	21
985	19
986	19
987	8
988	15
989	15
990	11
991	12
992	9
993	11
994	16
995	6
996	15
997	7
998	8
999	8
1000	6
1001	9
1002	3
1003	8
1004	15
1005	9
1006	6
1007	10
1008	8
1009	6
1010	7
1011	8
1012	6
1013	5
1014	12
1015	5
1016	7
1017	6
1018	6
1019	7
1020	16
1021	4
1022	11
1023	18
1024	0
1025	3
1026	9
1027	2
1028	9
1029	9
1030	11
1031	10
1032	5
1033	16
1034	8
1035	9
1036	9
1037	13
1038	22
1039	13
1040	13
1041	10
1042	10
1043	19
1044	17
1045	12
1046	17
1047	15
1048	11
1049	17
1050	18
1051	16
1052	16
1053	20
1054	18
1055	25
1056	7
1057	13
1058	19
1059	15
1060	13
1061	16
1062	20
1063	20
1064	13
1065	21
1066	9
1067	14
1068	14
1069	13
1070	18
1071	8
1072	13
1073	12
1074	17
1075	12
1076	16
1077	15
1078	13
1079	15
1080	12
1081	17
1082	11
1083	11
1084	14
1085	10
1086	12
1087	9
1088	6
1089	6
1090	12
1091	9
1092	7
1093	5
1094	8
1095	3
1096	9
1097	7
1098	4
1099	4
1100	7
1101	9
1102	5
1103	4
1104	0
1105	3
1106	4
1107	3
1108	1
1109	3
1110	4
1111	2
1112	11
1113	3
1114	5
1115	2
1116	3
1117	4
1118	5
1119	5
1120	4
1121	2
1122	9
1123	6
1124	1
1125	7
1126	10
1127	7
1128	1
1129	9
1130	8
1131	6
1132	5
1133	5
1134	14
1135	7
1136	5
1137	9
1138	17
1139	13
1140	8
1141	7
1142	23
1143	16
1144	15
1145	24
1146	15
1147	22
1148	26
1149	24
1150	23
1151	35
1152	13
1153	17
1154	35
1155	28
1156	42
1157	33
1158	48
1159	32
1160	38
1161	59
1162	34
1163	46
1164	39
1165	31
1166	59
1167	37
1168	43
1169	56
1170	51
1171	64
1172	63
1173	48
1174	82
1175	52
1176	54
1177	51
1178	69
1179	78
1180	49
1181	55
1182	59
1183	86
1184	37
1185	49
1186	58
1187	57
1188	62
1189	49
1190	64
1191	59
1192	49
1193	63
1194	30
1195	55
1196	62
1197	49
1198	43
1199	48
1200	47
1201	45
1202	31
1203	45
1204	40
1205	25
1206	37
1207	26
1208	29
1209	31
1210	36
1211	28
1212	26
1213	23
1214	23
1215	19
1216	11
1217	12
1218	14
1219	18
1220	19
1221	14
1222	15
1223	7
1224	8
1225	16
1226	16
1227	12
1228	13
1229	9
1230	7
1231	9
1232	8
1233	7
1234	5
1235	4
1236	6
1237	6
1238	4
1239	3
1240	2
1241	5
1242	3
1243	3
1244	4
1245	3
1246	2
1247	5
1248	0
1249	4
1250	2
1251	1
1252	7
1253	4
1254	3
1255	4
1256	6
1257	2
1258	5
1259	6
1260	1
1261	2
1262	1
1263	2
1264	2
1265	3
1266	0
1267	2
1268	3
1269	0
1270	6
1271	6
1272	3
1273	1
1274	5
1275	3
1276	4
1277	3
1278	2
1279	10
1280	1
1281	5
1282	5
1283	4
1284	1
1285	3
1286	3
1287	0
1288	2
1289	2
1290	2
1291	2
1292	4
1293	5
1294	3
1295	4
1296	3
1297	2
1298	2
1299	3
1300	1
1301	0
1302	4
1303	2
1304	3
1305	7
1306	2
1307	4
1308	5
1309	3
1310	5
1311	2
1312	2
1313	1
1314	3
1315	2
1316	4
1317	5
1318	3
1319	3
1320	3
1321	4
1322	5
1323	7
1324	5
1325	6
1326	4
1327	1
1328	5
1329	4
1330	3
1331	5
1332	5
1333	6
1334	3
1335	4
1336	3
1337	3
1338	4
1339	3
1340	3
1341	3
1342	3
1343	8
1344	0
1345	1
1346	5
1347	3
1348	2
1349	2
1350	3
1351	4
1352	6
1353	2
1354	3
1355	2
1356	4
1357	3
1358	6
1359	2
1360	5
1361	4
1362	2
1363	7
1364	7
1365	7
1366	3
1367	5
1368	5
1369	4
1370	8
1371	4
1372	6
1373	10
1374	5
1375	12
1376	8
1377	9
1378	10
1379	5
1380	22
1381	7
1382	8
1383	12
1384	12
1385	12
1386	4
1387	6
1388	14
1389	15
1390	12
1391	14
1392	13
1393	18
1394	15
1395	11
1396	18
1397	19
1398	22
1399	18
1400	17
1401	15
1402	24
1403	28
1404	22
1405	23
1406	21
1407	40
1408	30
1409	24
1410	23
1411	29
1412	34
1413	23
1414	51
1415	27
1416	47
1417	45
1418	45
1419	36
1420	56
1421	51
1422	45
1423	38
1424	41
1425	66
1426	58
1427	52
1428	60
1429	41
1430	69
1431	39
1432	75
1433	70
1434	55
1435	58
1436	62
1437	57
1438	50
1439	72
1440	35
1441	46
1442	50
1443	45
1444	49
1445	35
1446	73
1447	32
1448	42
1449	63
1450	36
1451	41
1452	58
1453	45
1454	46
1455	27
1456	40
1457	27
1458	27
1459	42
1460	31
1461	20
1462	33
1463	17
1464	19
1465	33
1466	23
1467	20
1468	29
1469	28
1470	18
1471	22
1472	17
1473	6
1474	23
1475	16
1476	16
1477	12
1478	6
1479	8
1480	19
1481	12
1482	9
1483	10
1484	8
1485	12
1486	12
1487	6
1488	6
1489	8
1490	4
1491	12
1492	7
1493	2
1494	8
1495	4
1496	6
1497	3
1498	5
1499	8
1500	4
1501	4
1502	5
1503	5
1504	3
1505	2
1506	3
1507	2
1508	7
1509	1
1510	5
1511	1
1512	1
1513	1
1514	3
1515	4
1516	3
1517	3
1518	7
1519	4
1520	3
1521	1
1522	4
1523	3
1524	4
1525	2
1526	3
1527	2
1528	3
1529	2
1530	2
1531	3
1532	3
1533	0
1534	4
1535	4
1536	0
1537	4
1538	1
1539	0
1540	2
1541	4
1542	4
1543	1
1544	6
1545	2
1546	2
1547	2
1548	2
1549	1
1550	4
1551	2
1552	0
1553	2
1554	2
1555	5
1556	3
1557	2
1558	3
1559	3
1560	4
1561	1
1562	2
1563	1
1564	1
1565	6
1566	1
1567	3
1568	2
1569	3
1570	0
1571	3
1572	1
1573	3
1574	1
1575	2
1576	1
1577	2
1578	0
1579	4
1580	2
1581	4
1582	1
1583	1
1584	1
1585	2
1586	2
1587	3
1588	2
1589	1
1590	0
1591	1
1592	0
1593	2
1594	4
1595	3
1596	1
1597	5
1598	5
1599	4
1600	2
1601	4
1602	6
1603	6
1604	1
1605	0
1606	4
1607	3
1608	3
1609	4
1610	6
1611	2
1612	3
1613	4
1614	4
1615	2
1616	2
1617	5
1618	2
1619	3
1620	3
1621	4
1622	1
1623	4
1624	5
1625	0
1626	1
1627	3
1628	4
1629	3
1630	2
1631	3
1632	0
1633	0
1634	2
1635	3
1636	1
1637	1
1638	3
1639	1
1640	3
1641	5
1642	1
1643	2
1644	3
1645	5
1646	4
1647	4
1648	4
1649	1
1650	3
1651	1
1652	3
1653	2
1654	3
1655	2
1656	2
1657	4
1658	2
1659	1
1660	3
1661	1
1662	4
1663	5
1664	1
1665	5
1666	4
1667	5
1668	5
1669	3
1670	7
1671	0
1672	7
1673	6
1674	2
1675	11
1676	9
1677	5
1678	4
1679	2
1680	5
1681	8
1682	6
1683	9
1684	8
1685	4
1686	7
1687	4
1688	7
1689	8
1690	9
1691	3
1692	4
1693	9
1694	9
1695	10
1696	4
1697	5
1698	6
1699	3
1700	10
1701	10
1702	13
1703	7
1704	8
1705	9
1706	13
1707	8
1708	7
1709	6
1710	6
1711	6
1712	8
1713	6
1714	7
1715	10
1716	9
1717	5
1718	9
1719	5
1720	7
1721	7
1722	5
1723	4
1724	9
1725	7
1726	6
1727	7
1728	5
1729	3
1730	2
1731	4
1732	9
1733	2
1734	5
1735	3
1736	7
1737	6
1738	5
1739	8
1740	8
1741	4
1742	12
1743	5
1744	5
1745	4
1746	4
1747	8
1748	5
1749	4
1750	2
1751	1
1752	6
1753	4
1754	4
1755	2
1756	3
1757	7
1758	5
1759	5
1760	4
1761	4
1762	4
1763	2
1764	7
1765	4
1766	7
1767	3
1768	2
1769	4
1770	0
1771	3
1772	6
1773	2
1774	4
1775	3
1776	2
1777	3
1778	2
1779	1
1780	3
1781	2
1782	2
1783	2
1784	1
1785	1
1786	4
1787	7
1788	2
1789	2
1790	5
1791	3
1792	2
1793	0
1794	1
1795	1
1796	3
1797	2
1798	5
1799	0
1800	0
1801	6
1802	0
1803	2
1804	4
1805	3
1806	3
1807	3
1808	1
1809	1
1810	0
1811	4
1812	5
1813	4
1814	4
1815	0
1816	1
1817	5
1818	2
1819	3
1820	1
1821	4
1822	1
1823	2
1824	3
1825	3
1826	1
1827	0
1828	3
1829	1
1830	2
1831	1
1832	4
1833	5
1834	2
1835	1
1836	1
1837	0
1838	5
1839	3
1840	4
1841	0
1842	2
1843	0
1844	3
1845	2
1846	2
1847	2
1848	3
1849	3
1850	4
1851	4
1852	1
1853	5
1854	2
1855	3
1856	3
1857	4
1858	1
1859	0
1860	1
1861	2
1862	0
1863	2
1864	3
1865	1
1866	1
1867	2
1868	1
1869	2
1870	1
1871	2
1872	4
1873	2
1874	2
1875	2
1876	2
1877	2
1878	4
1879	2
1880	2
1881	10
1882	2
1883	4
1884	3
1885	5
1886	3
1887	4
1888	4
1889	4
1890	2
1891	0
1892	1
1893	2
1894	3
1895	2
1896	4
1897	6
1898	3
1899	4
1900	7
1901	3
1902	5
1903	4
1904	3
1905	2
1906	0
1907	10
1908	6
1909	3
1910	4
1911	5
1912	9
1913	5
1914	1
1915	3
1916	7
1917	3
1918	3
1919	9
1920	0
1921	6
1922	4
1923	7
1924	6
1925	8
1926	7
1927	4
1928	6
1929	4
1930	10
1931	3
1932	6
1933	6
1934	6
1935	9
1936	4
1937	12
1938	6
1939	12
1940	10
1941	4
1942	18
1943	2
1944	9
1945	11
1946	3
1947	4
1948	8
1949	9
1950	6
1951	8
1952	5
1953	10
1954	6
1955	9
1956	9
1957	6
1958	15
1959	9
1960	12
1961	7
1962	12
1963	7
1964	6
1965	8
1966	4
1967	4
1968	15
1969	6
1970	12
1971	9
1972	13
1973	6
1974	6
1975	5
1976	8
1977	7
1978	6
1979	7
1980	8
1981	9
1982	8
1983	9
1984	11
1985	9
1986	7
1987	7
1988	5
1989	5
1990	9
1991	5
1992	4
1993	8
1994	10
1995	7
1996	6
1997	7
1998	5
1999	12
2000	7
2001	8
2002	7
2003	12
2004	10
2005	5
2006	9
2007	6
2008	11
2009	16
2010	8
2011	9
2012	7
2013	11
2014	6
2015	8
2016	7
2017	10
2018	9
2019	12
2020	18
2021	7
2022	7
2023	9
2024	3
2025	10
2026	2
2027	9
2028	7
2029	8
2030	10
2031	4
2032	8
2033	5
2034	8
2035	10
2036	11
2037	5
2038	3
2039	6
2040	6
2041	6
2042	3
2043	7
2044	3
2045	11
2046	7
2047	8
2048	3
2049	7
2050	7
2051	3
2052	7
2053	6
2054	4
2055	3
2056	2
2057	7
2058	2
2059	6
2060	3
2061	5
2062	2
2063	2
2064	2
2065	4
2066	2
2067	4
2068	3
2069	2
2070	1
2071	2
2072	3
2073	1
2074	2
2075	3
2076	2
2077	0
2078	1
2079	3
2080	2
2081	1
2082	2
2083	1
2084	0
2085	1
2086	1
2087	4
2088	0
2089	0
2090	1
2091	2
2092	3
2093	2
2094	4
2095	2
2096	1
2097	0
2098	1
2099	0
2100	3
2101	1
2102	2
2103	2
2104	0
2105	2
2106	0
2107	1
2108	1
2109	0
2110	1
2111	1
2112	0
2113	3
2114	2
2115	4
2116	2
2117	0
2118	4
2119	2
2120	3
2121	3
2122	0
2123	1
2124	1
2125	4
2126	0
2127	2
2128	2
2129	2
2130	0
2131	2
2132	0
2133	1
2134	0
2135	1
2136	2
2137	4
2138	0
2139	2
2140	0
2141	1
2142	1
2143	3
2144	3
2145	0
2146	1
2147	3
2148	1
2149	0
2150	1
2151	0
2152	1
2153	2
2154	2
2155	3
2156	4
2157	2
2158	0
2159	0
2160	3
2161	4
2162	5
2163	2
2164	2
2165	1
2166	1
2167	0
2168	5
2169	4
2170	2
2171	0
2172	1
2173	1
2174	1
2175	5
2176	2
2177	1
2178	2
2179	1
2180	4
2181	3
2182	4
2183	2
2184	4
2185	4
2186	5
2187	3
2188	1
2189	2
2190	1
2191	4
2192	2
2193	2
2194	2
2195	4
2196	1
2197	5
2198	3
2199	2
2200	4
2201	2
2202	1
2203	6
2204	1
2205	3
2206	2
2207	6
2208	3
2209	2
2210	5
2211	4
2212	1
2213	4
2214	5
2215	2
2216	1
2217	3
2218	3
2219	3
2220	4
2221	2
2222	2
2223	0
2224	1
2225	2
2226	4
2227	3
2228	1
2229	1
2230	1
2231	4
2232	1
2233	2
2234	0
2235	3
2236	4
2237	1
2238	2
2239	3
2240	2
2241	2
2242	0
2243	3
2244	1
2245	0
2246	3
2247	2
2248	2
2249	3
2250	2
2251	0
2252	4
2253	2
2254	4
2255	2
2256	0
2257	0
2258	2
2259	4
2260	1
2261	2
2262	2
2263	0
2264	0
2265	4
2266	2
2267	9
2268	1
2269	2
2270	1
2271	1
2272	0
2273	2
2274	3
2275	3
2276	3
2277	1
2278	0
2279	1
2280	4
2281	4
2282	3
2283	2
2284	2
2285	2
2286	2
2287	1
2288	3
2289	0
2290	2
2291	3
2292	3
2293	4
2294	0
2295	1
2296	1
2297	4
2298	2
2299	1
2300	2
2301	2
2302	1
2303	2
2304	1
2305	2
2306	1
2307	1
2308	1
2309	2
2310	1
2311	0
2312	1
2313	5
2314	1
2315	2
2316	2
2317	2
2318	1
2319	1
2320	0
2321	2
2322	0
2323	2
2324	4
2325	1
2326	3
2327	0
2328	1
2329	0
2330	2
2331	1
2332	0
2333	1
2334	2
2335	1
2336	0
2337	0
2338	2
2339	0
2340	2
2341	1
2342	0
2343	1
2344	0
2345	5
2346	2
2347	1
2348	1
2349	0
2350	4
2351	1
2352	1
2353	1
2354	2
2355	1
2356	2
2357	0
2358	0
2359	0
2360	0
2361	3
2362	1
2363	2
2364	2
2365	2
2366	0
2367	1
2368	0
2369	1
2370	1
2371	5
2372	3
2373	2
2374	0
2375	1
2376	1
2377	0
2378	0
2379	1
2380	0
2381	3
2382	2
2383	1
2384	0
2385	1
2386	0
2387	1
2388	0
2389	1
2390	2
2391	1
2392	0
2393	1
2394	0
2395	1
2396	2
2397	2
2398	1
2399	0
2400	1
2401	0
2402	0
2403	2
2404	1
2405	3
2406	2
2407	0
2408	0
2409	0
2410	4
2411	1
2412	0
2413	3
2414	1
2415	1
2416	1
2417	1
2418	1
2419	0
2420	0
2421	0
2422	0
2423	1
2424	1
2425	3
2426	2
2427	2
2428	0
2429	1
2430	1
2431	1
2432	0
2433	1
2434	0
2435	0
2436	1
2437	0
2438	0
2439	0
2440	1
2441	3
2442	0
2443	2
2444	3
2445	2
2446	1
2447	1
2448	0
2449	1
2450	0
2451	2
2452	0
2453	0
2454	1
2455	2
2456	1
2457	1
2458	1
2459	2
2460	0
2461	0
2462	1
2463	3
2464	2
2465	1
2466	0
2467	0
2468	2
2469	0
2470	3
2471	0
2472	0
2473	0
2474	0
2475	2
2476	1
2477	2
2478	1
2479	0
2480	1
2481	0
2482	3
2483	0
2484	1
2485	1
2486	1
2487	0
2488	0
2489	0
2490	0
2491	1
2492	3
2493	3
2494	1
2495	1
2496	0
2497	1
2498	1
2499	2
2500	0
2501	1
2502	2
2503	0
2504	0
2505	3
2506	2
2507	0
2508	1
2509	0
2510	2
2511	0
2512	0
2513	2
2514	1
2515	2
2516	0
2517	2
2518	3
2519	0
2520	2
2521	0
2522	0
2523	0
2524	1
2525	0
2526	0
2527	1
2528	1
2529	0
2530	1
2531	1
2532	2
2533	0
2534	1
2535	1
2536	1
2537	1
2538	1
2539	0
2540	0
2541	0
2542	0
2543	0
2544	1
2545	0
2546	0
2547	1
2548	0
2549	0
2550	0
2551	0
2552	2
2553	1
2554	0
2555	4
2556	0
2557	0
2558	0
2559	3
2560	1
2561	1
2562	0
2563	1
2564	0
2565	1
2566	0
2567	1
2568	0
2569	2
2570	1
2571	0
2572	0
2573	2
2574	0
2575	2
2576	1
2577	0
2578	1
2579	0
2580	0
2581	1
2582	2
2583	0
2584	0
2585	1
2586	1
2587	2
2588	1
2589	0
2590	2
2591	0
2592	1
2593	0
2594	2
2595	3
2596	0
2597	0
2598	0
2599	1
2600	3
2601	1
2602	2
2603	2
2604	0
2605	1
2606	1
2607	1
2608	0
2609	2
2610	1
2611	2
2612	1
2613	1
2614	2
2615	1
2616	0
2617	0
2618	2
2619	0
2620	2
2621	2
2622	2
2623	0
2624	1
2625	0
2626	1
2627	0
2628	2
2629	1
2630	0
2631	2
2632	0
2633	2
2634	1
2635	2
2636	1
2637	1
2638	4
2639	0
2640	0
2641	2
2642	2
2643	1
2644	0
2645	1
2646	2
2647	0
2648	0
2649	1
2650	2
2651	3
2652	1
2653	1
2654	0
2655	1
2656	2
2657	1
2658	1
2659	1
2660	1
2661	1
2662	2
2663	2
2664	0
2665	1
2666	0
2667	0
2668	0
2669	1
2670	1
2671	1
2672	1
2673	0
2674	1
2675	0
2676	0
2677	0
2678	2
2679	1
2680	0
2681	1
2682	0
2683	0
2684	1
2685	0
2686	0
2687	0
2688	0
2689	0
2690	0
2691	0
2692	0
2693	0
2694	3
2695	1
2696	1
2697	0
2698	0
2699	2
2700	2
2701	3
2702	1
2703	0
2704	2
2705	0
2706	1
2707	0
2708	2
2709	0
2710	2
2711	0
2712	2
2713	0
2714	1
2715	0
2716	0
2717	2
2718	4
2719	1
2720	1
2721	0
2722	0
2723	3
2724	0
2725	1
2726	0
2727	0
2728	1
2729	1
2730	0
2731	1
2732	0
2733	1
2734	0
2735	0
2736	3
2737	0
2738	1
2739	1
2740	0
2741	0
2742	0
2743	1
2744	1
2745	1
2746	0
2747	1
2748	1
2749	3
2750	0
2751	1
2752	0
2753	0
2754	1
2755	0
2756	3
2757	0
2758	0
2759	1
2760	1
2761	1
2762	0
2763	0
2764	0
2765	0
2766	0
2767	1
2768	0
2769	1
2770	2
2771	0
2772	0
2773	1
2774	2
2775	2
2776	0
2777	1
2778	0
2779	1
2780	1
2781	1
2782	0
2783	1
2784	0
2785	2
2786	0
2787	3
2788	0
2789	1
2790	0
2791	0
2792	0
2793	0
2794	0
2795	1
2796	1
2797	0
2798	1
2799	3
2800	0
2801	0
2802	1
2803	2
2804	2
2805	0
2806	0
2807	0
2808	0
2809	0
2810	0
2811	0
2812	0
2813	0
2814	0
2815	0
2816	2
2817	0
2818	0
2819	1
2820	1
2821	1
2822	4
2823	0
2824	1
2825	2
2826	1
2827	0
2828	2
2829	0
2830	0
2831	1
2832	0
2833	1
2834	0
2835	0
2836	0
2837	0
2838	1
2839	0
2840	0
2841	0
2842	0
2843	0
2844	0
2845	0
2846	1
2847	0
2848	0
2849	0
2850	0
2851	3
2852	1
2853	1
2854	0
2855	0
2856	0
2857	3
2858	1
2859	0
2860	1
2861	0
2862	0
2863	1
2864	0
2865	1
2866	2
2867	1
2868	1
2869	0
2870	1
2871	2
2872	0
2873	1
2874	1
2875	1
2876	0
2877	2
2878	1
2879	0
2880	1
2881	1
2882	0
2883	2
2884	0
2885	1
2886	2
2887	0
2888	0
2889	0
2890	1
2891	0
2892	1
2893	0
2894	3
2895	0
2896	0
2897	2
2898	0
2899	2
2900	0
2901	0
2902	0
2903	0
2904	1
2905	0
2906	0
2907	0
2908	0
2909	1
2910	0
2911	0
2912	0
2913	0
2914	0
2915	0
2916	2
2917	1
2918	0
2919	0
2920	2
2921	1
2922	0
2923	2
2924	0
2925	0
2926	1
2927	0
2928	0
2929	3
2930	0
2931	0
2932	1
2933	0
2934	0
2935	0
2936	0
2937	0
2938	2
2939	0
2940	0
2941	0
2942	1
2943	0
2944	1
2945	1
2946	0
2947	2
2948	0
2949	0
2950	1
2951	0
2952	0
2953	0
2954	0
2955	0
2956	0
2957	0
2958	0
2959	1
2960	0
2961	0
2962	2
2963	2
2964	2
2965	0
2966	0
2967	1
2968	0
2969	1
2970	0
2971	1
2972	0
2973	0
2974	1
2975	3
2976	0
2977	0
2978	1
2979	0
2980	2
2981	1
2982	0
2983	0
2984	0
2985	2
2986	0
2987	0
2988	0
2989	1
2990	0
2991	0
2992	2
2993	1
2994	0
2995	0
2996	0
2997	1
2998	1
2999	0
3000	1
3001	0
3002	0
3003	0
3004	0
3005	0
3006	0
3007	0
3008	1
3009	1
3010	2
3011	0
3012	1
3013	0
3014	0
3015	0
3016	0
3017	1
3018	0
3019	0
3020	0
3021	0
3022	0
3023	0
3024	0
3025	0
3026	1
3027	0
3028	1
3029	1
3030	0
3031	1
3032	0
3033	0
3034	0
3035	2
3036	1
3037	1
3038	0
3039	0
3040	1
3041	0
3042	0
3043	0
3044	1
3045	0
3046	0
3047	0
3048	1
3049	0
3050	0
3051	0
3052	1
3053	0
3054	0
3055	0
3056	0
3057	0
3058	0
3059	3
3060	1
3061	0
3062	0
3063	2
3064	0
3065	0
3066	0
3067	0
3068	0
3069	1
3070	1
3071	0
3072	2
3073	0
3074	0
3075	0
3076	0
3077	0
3078	0
3079	1
3080	1
3081	0
3082	0
3083	0
3084	0
3085	0
3086	0
3087	0
3088	0
3089	0
3090	0
3091	2
3092	0
3093	0
3094	0
3095	0
3096	0
3097	0
3098	0
3099	0
3100	0
3101	0
3102	2
3103	0
3104	1
3105	0
3106	0
3107	1
3108	1
3109	1
3110	1
3111	1
3112	1
3113	1
3114	1
3115	0
3116	1
3117	0
3118	1
3119	0
3120	0
3121	0
3122	2
3123	0
3124	0
3125	0
3126	0
3127	0
3128	0
3129	0
3130	0
3131	0
3132	0
3133	0
3134	0
3135	1
3136	1
3137	0
3138	1
3139	0
3140	0
3141	0
3142	0
3143	0
3144	0
3145	0
3146	0
3147	0
3148	0
3149	0
3150	0
3151	0
3152	0
3153	0
3154	0
3155	1
3156	0
3157	0
3158	0
3159	0
3160	1
3161	0
3162	1
3163	0
3164	1
3165	0
3166	1
3167	3
3168	0
3169	1
3170	1
3171	0
3172	0
3173	0
3174	0
3175	0
3176	1
3177	1
3178	1
3179	0
3180	1
3181	0
3182	1
3183	0
3184	1
3185	0
3186	0
3187	1
3188	0
3189	0
3190	0
3191	0
3192	0
3193	1
3194	1
3195	1
3196	1
3197	0
3198	0
3199	0
3200	0
3201	0
3202	0
3203	0
3204	0
3205	1
3206	0
3207	0
3208	0
3209	0
3210	2
3211	0
3212	2
3213	0
3214	0
3215	0
3216	0
3217	1
3218	0
3219	0
3220	0
3221	0
3222	2
3223	0
3224	0
3225	0
3226	0
3227	0
3228	0
3229	0
3230	0
3231	0
3232	0
3233	0
3234	0
3235	0
3236	0
3237	0
3238	0
3239	1
3240	1
3241	0
3242	1
3243	0
3244	0
3245	2
3246	0
3247	0
3248	1
3249	0
3250	0
3251	1
3252	0
3253	1
3254	0
3255	0
3256	0
3257	0
3258	0
3259	0
3260	0
3261	0
3262	0
3263	1
3264	0
3265	0
3266	0
3267	0
3268	0
3269	0
3270	1
3271	0
3272	1
3273	0
3274	0
3275	1
3276	0
3277	1
3278	0
3279	0
3280	0
3281	0
3282	1
3283	0
3284	0
3285	0
3286	1
3287	1
3288	0
3289	0
3290	0
3291	1
3292	0
3293	0
3294	0
3295	0
3296	0
3297	0
3298	1
3299	0
3300	0
3301	1
3302	0
3303	0
3304	0
3305	0
3306	0
3307	0
3308	0
3309	0
3310	0
3311	0
3312	0
3313	0
3314	0
3315	1
3316	0
3317	1
3318	0
3319	0
3320	0
3321	0
3322	0
3323	0
3324	0
3325	0
3326	0
3327	0
3328	0
3329	1
3330	0
3331	0
3332	1
3333	0
3334	0
3335	0
3336	0
3337	0
3338	0
3339	1
3340	2
3341	1
3342	0
3343	0
3344	0
3345	0
3346	0
3347	2
3348	0
3349	0
3350	1
3351	0
3352	0
3353	0
3354	0
3355	0
3356	0
3357	0
3358	0
3359	0
3360	0
3361	0
3362	0
3363	0
3364	0
3365	0
3366	0
3367	0
3368	0
3369	0
3370	0
3371	0
3372	1
3373	0
3374	0
3375	2
3376	0
3377	0
3378	1
3379	0
3380	0
3381	0
3382	1
3383	0
3384	0
3385	0
3386	0
3387	0
3388	0
3389	0
3390	0
3391	0
3392	0
3393	0
3394	0
3395	0
3396	1
3397	0
3398	0
3399	1
3400	0
3401	0
3402	0
3403	0
3404	1
3405	3
3406	0
3407	0
3408	0
3409	0
3410	0
3411	0
3412	0
3413	0
3414	1
3415	0
3416	0
3417	0
3418	0
3419	1
3420	0
3421	0
3422	0
3423	0
3424	1
3425	0
3426	0
3427	0
3428	0
3429	0
3430	0
3431	0
3432	0
3433	0
3434	0
3435	0
3436	0
3437	0
3438	1
3439	0
3440	0
3441	0
3442	0
3443	1
3444	0
3445	0
3446	0
3447	0
3448	0
3449	0
3450	0
3451	0
3452	0
3453	1
3454	0
3455	0
3456	0
3457	0
3458	0
3459	0
3460	0
3461	1
3462	0
3463	0
3464	0
3465	1
3466	0
3467	0
3468	0
3469	0
3470	0
3471	0
3472	0
3473	0
3474	0
3475	0
3476	0
3477	1
3478	0
3479	0
3480	1
3481	0
3482	0
3483	1
3484	0
3485	0
3486	0
3487	0
3488	0
3489	0
3490	0
3491	0
3492	1
3493	0
3494	0
3495	0
3496	0
3497	1
3498	0
3499	0
3500	0
3501	0
3502	0
3503	0
3504	0
3505	0
3506	0
3507	0
3508	0
3509	0
3510	0
3511	0
3512	0
3513	0
3514	0
3515	0
3516	0
3517	0
3518	0
3519	0
3520	1
3521	0
3522	1
3523	0
3524	0
3525	0
3526	2
3527	0
3528	1
3529	0
3530	0
3531	0
3532	0
3533	0
3534	0
3535	0
3536	0
3537	0
3538	0
3539	0
3540	0
3541	0
3542	0
3543	0
3544	2
3545	0
3546	0
3547	0
3548	0
3549	3
3550	1
3551	0
3552	0
3553	1
3554	0
3555	0
3556	0
3557	0
3558	0
3559	0
3560	0
3561	0
3562	0
3563	0
3564	0
3565	0
3566	0
3567	0
3568	0
3569	1
3570	0
3571	0
3572	0
3573	0
3574	0
3575	0
3576	1
3577	0
3578	0
3579	0
3580	0
3581	0
3582	0
3583	0
3584	0
3585	0
3586	0
3587	0
3588	0
3589	0
3590	0
3591	0
3592	0
3593	0
3594	0
3595	0
3596	1
3597	0
3598	0
3599	0
3600	0
3601	0
3602	1
3603	0
3604	0
3605	0
3606	0
3607	0
3608	0
3609	0
3610	0
3611	0
3612	0
3613	0
3614	0
3615	0
3616	0
3617	0
3618	0
3619	0
3620	0
3621	0
3622	0
3623	0
3624	0
3625	0
3626	0
3627	0
3628	0
3629	0
3630	0
3631	0
3632	0
3633	0
3634	0
3635	0
3636	0
3637	0
3638	1
3639	0
3640	0
3641	0
3642	0
3643	0
3644	0
3645	0
3646	1
3647	0
3648	0
3649	1
3650	0
3651	0
3652	0
3653	0
3654	0
3655	0
3656	1
3657	0
3658	0
3659	0
3660	0
3661	0
3662	0
3663	0
3664	0
3665	0
3666	0
3667	0
3668	0
3669	0
3670	0
3671	0
3672	0
3673	0
3674	0
3675	0
3676	0
3677	0
3678	0
3679	1
3680	0
3681	1
3682	0
3683	0
3684	0
3685	0
3686	0
3687	0
3688	0
3689	0
3690	0
3691	0
3692	0
3693	0
3694	1
3695	0
3696	0
3697	0
3698	0
3699	0
3700	0
3701	0
3702	1
3703	0
3704	0
3705	0
3706	0
3707	0
3708	0
3709	0
3710	0
3711	0
3712	0
3713	0
3714	0
3715	0
3716	1
3717	0
3718	0
3719	0
3720	0
3721	1
3722	0
3723	0
3724	0
3725	0
3726	0
3727	0
3728	0
3729	0
3730	0
3731	0
3732	0
3733	0
3734	0
3735	0
3736	0
3737	0
3738	0
3739	0
3740	0
3741	0
3742	0
3743	1
3744	0
3745	0
3746	0
3747	0
3748	0
3749	0
3750	0
3751	0
3752	0
3753	0
3754	0
3755	0
3756	0
3757	0
3758	0
3759	0
3760	0
3761	0
3762	0
3763	0
3764	0
3765	0
3766	0
3767	0
3768	0
3769	0
3770	0
3771	0
3772	2
3773	0
3774	0
3775	0
3776	0
3777	0
3778	0
3779	0
3780	1
3781	0
3782	0
3783	0
3784	0
3785	0
3786	0
3787	0
3788	0
3789	0
3790	0
3791	0
3792	0
3793	0
3794	0
3795	0
3796	0
3797	0
3798	0
3799	0
3800	0
3801	0
3802	0
3803	0
3804	0
3805	0
3806	0
3807	0
3808	0
3809	0
3810	0
3811	0
3812	0
3813	0
3814	0
3815	0
3816	0
3817	0
3818	0
3819	0
3820	0
3821	0
3822	0
3823	0
3824	0
3825	0
3826	0
3827	0
3828	0
3829	0
3830	0
3831	0
3832	0
3833	0
3834	0
3835	0
3836	0
3837	0
3838	0
3839	0
3840	0
3841	0
3842	0
3843	1
3844	0
3845	0
3846	0
3847	0
3848	0
3849	0
3850	0
3851	0
3852	0
3853	0
3854	0
3855	0
3856	0
3857	0
3858	0
3859	1
3860	0
3861	0
3862	0
3863	0
3864	0
3865	0
3866	0
3867	0
3868	0
3869	0
3870	1
3871	0
3872	0
3873	0
3874	0
3875	0
3876	1
3877	0
3878	0
3879	0
3880	0
3881	0
3882	0
3883	0
3884	0
3885	0
3886	0
3887	0
3888	0
3889	0
3890	0
3891	0
3892	0
3893	0
3894	0
3895	0
3896	0
3897	0
3898	0
3899	0
3900	0
3901	0
3902	0
3903	0
3904	0
3905	0
3906	0
3907	0
3908	0
3909	0
3910	0
3911	0
3912	0
3913	0
3914	0
3915	0
3916	0
3917	0
3918	1
3919	0
3920	0
3921	0
3922	0
3923	0
3924	0
3925	0
3926	0
3927	0
3928	0
3929	0
3930	0
3931	0
3932	0
3933	0
3934	0
3935	0
3936	0
3937	0
3938	0
3939	0
3940	0
3941	0
3942	0
3943	0
3944	0
3945	0
3946	0
3947	0
3948	0
3949	0
3950	0
3951	0
3952	0
3953	0
3954	0
3955	0
3956	0
3957	0
3958	0
3959	0
3960	0
3961	0
3962	0
3963	0
3964	0
3965	0
3966	1
3967	0
3968	0
3969	0
3970	0
3971	0
3972	0
3973	0
3974	0
3975	0
3976	0
3977	0
3978	0
3979	0
3980	0
3981	0
3982	0
3983	0
3984	0
3985	0
3986	0
3987	0
3988	0
3989	0
3990	0
3991	0
3992	0
3993	0
3994	0
3995	0
3996	0
3997	0
3998	0
3999	0
4000	0
