Channel number	Impulses
Channel/#	Impulses/#

0	0
1	0
2	0
3	0
4	0
5	0
6	0
7	0
8	0
9	0
10	0
11	0
12	0
13	0
14	0
15	0
16	0
17	0
18	0
19	0
20	0
21	0
22	0
23	0
24	0
25	0
26	0
27	0
28	0
29	0
30	0
31	0
32	0
33	0
34	0
35	0
36	0
37	0
38	0
39	0
40	0
41	0
42	0
43	0
44	0
45	0
46	0
47	0
48	0
49	0
50	0
51	0
52	3
53	2
54	4
55	9
56	9
57	10
58	9
59	11
60	6
61	9
62	11
63	16
64	4
65	17
66	11
67	9
68	17
69	14
70	9
71	16
72	4
73	9
74	9
75	12
76	15
77	5
78	11
79	9
80	8
81	13
82	17
83	13
84	8
85	13
86	13
87	13
88	7
89	11
90	9
91	8
92	14
93	5
94	12
95	12
96	12
97	10
98	15
99	8
100	10
101	3
102	10
103	8
104	9
105	8
106	6
107	16
108	9
109	5
110	9
111	8
112	11
113	8
114	11
115	7
116	8
117	7
118	2
119	4
120	1
121	10
122	14
123	8
124	10
125	6
126	13
127	15
128	6
129	6
130	10
131	13
132	6
133	7
134	13
135	7
136	5
137	9
138	10
139	8
140	6
141	10
142	8
143	8
144	8
145	3
146	5
147	5
148	7
149	6
150	9
151	10
152	7
153	11
154	15
155	9
156	6
157	12
158	10
159	13
160	1
161	9
162	10
163	7
164	11
165	8
166	11
167	8
168	7
169	3
170	3
171	8
172	6
173	4
174	7
175	5
176	5
177	9
178	10
179	7
180	10
181	5
182	13
183	6
184	6
185	4
186	8
187	5
188	8
189	9
190	6
191	14
192	6
193	4
194	4
195	7
196	7
197	7
198	5
199	5
200	7
201	6
202	6
203	7
204	5
205	9
206	9
207	4
208	4
209	8
210	8
211	8
212	5
213	4
214	6
215	4
216	3
217	8
218	5
219	8
220	9
221	6
222	4
223	3
224	7
225	9
226	9
227	5
228	9
229	4
230	6
231	3
232	8
233	5
234	6
235	3
236	4
237	2
238	6
239	2
240	10
241	4
242	5
243	4
244	4
245	9
246	6
247	3
248	5
249	2
250	6
251	3
252	5
253	6
254	11
255	6
256	2
257	2
258	5
259	5
260	5
261	7
262	10
263	2
264	5
265	5
266	10
267	4
268	3
269	5
270	9
271	9
272	3
273	3
274	5
275	7
276	3
277	8
278	7
279	5
280	7
281	5
282	6
283	8
284	4
285	4
286	7
287	11
288	3
289	7
290	5
291	4
292	6
293	3
294	2
295	6
296	7
297	6
298	2
299	0
300	6
301	3
302	5
303	1
304	4
305	1
306	2
307	7
308	10
309	2
310	9
311	3
312	3
313	4
314	8
315	8
316	7
317	6
318	3
319	3
320	1
321	2
322	3
323	5
324	4
325	5
326	6
327	5
328	1
329	1
330	2
331	7
332	4
333	6
334	2
335	5
336	8
337	5
338	2
339	2
340	4
341	3
342	4
343	3
344	4
345	2
346	4
347	5
348	6
349	3
350	2
351	5
352	3
353	2
354	5
355	3
356	1
357	5
358	6
359	3
360	2
361	1
362	1
363	4
364	11
365	3
366	6
367	5
368	2
369	4
370	1
371	5
372	4
373	3
374	2
375	4
376	0
377	5
378	5
379	2
380	3
381	2
382	1
383	4
384	1
385	1
386	3
387	5
388	5
389	3
390	3
391	4
392	5
393	2
394	1
395	2
396	6
397	6
398	1
399	2
400	2
401	3
402	2
403	1
404	3
405	3
406	3
407	4
408	5
409	2
410	3
411	3
412	2
413	8
414	7
415	3
416	3
417	5
418	2
419	5
420	3
421	3
422	5
423	2
424	4
425	3
426	8
427	2
428	3
429	2
430	5
431	3
432	2
433	1
434	4
435	1
436	7
437	3
438	3
439	5
440	4
441	2
442	4
443	1
444	6
445	4
446	3
447	3
448	3
449	1
450	6
451	0
452	4
453	0
454	4
455	0
456	1
457	1
458	7
459	2
460	3
461	3
462	7
463	3
464	2
465	4
466	5
467	2
468	2
469	4
470	2
471	3
472	5
473	3
474	3
475	5
476	4
477	0
478	4
479	5
480	3
481	2
482	4
483	1
484	3
485	3
486	2
487	1
488	4
489	3
490	2
491	2
492	2
493	1
494	2
495	0
496	1
497	4
498	3
499	4
500	3
501	2
502	6
503	1
504	3
505	2
506	4
507	3
508	2
509	0
510	6
511	11
512	1
513	2
514	2
515	3
516	2
517	4
518	1
519	3
520	1
521	3
522	3
523	4
524	3
525	3
526	5
527	6
528	2
529	4
530	6
531	3
532	4
533	2
534	5
535	4
536	5
537	3
538	0
539	2
540	2
541	4
542	2
543	5
544	5
545	2
546	3
547	2
548	7
549	2
550	3
551	2
552	5
553	3
554	3
555	2
556	2
557	0
558	1
559	4
560	2
561	2
562	7
563	2
564	3
565	4
566	2
567	4
568	0
569	9
570	3
571	1
572	1
573	2
574	2
575	3
576	1
577	2
578	1
579	5
580	3
581	1
582	3
583	2
584	3
585	3
586	2
587	2
588	3
589	4
590	2
591	2
592	1
593	2
594	7
595	1
596	5
597	1
598	3
599	1
600	1
601	7
602	4
603	4
604	2
605	2
606	1
607	6
608	0
609	6
610	5
611	2
612	1
613	3
614	1
615	2
616	1
617	5
618	4
619	2
620	4
621	2
622	4
623	6
624	2
625	2
626	2
627	3
628	7
629	2
630	1
631	3
632	3
633	1
634	4
635	3
636	2
637	3
638	6
639	5
640	4
641	0
642	3
643	0
644	8
645	1
646	4
647	3
648	3
649	2
650	5
651	7
652	5
653	2
654	2
655	4
656	5
657	5
658	6
659	2
660	2
661	4
662	4
663	2
664	4
665	5
666	2
667	7
668	5
669	5
670	2
671	5
672	4
673	1
674	2
675	6
676	3
677	2
678	3
679	3
680	4
681	3
682	4
683	3
684	3
685	3
686	3
687	4
688	3
689	1
690	1
691	1
692	3
693	3
694	4
695	2
696	2
697	7
698	2
699	1
700	2
701	4
702	2
703	4
704	5
705	4
706	2
707	2
708	1
709	5
710	3
711	3
712	4
713	4
714	2
715	4
716	8
717	2
718	4
719	3
720	3
721	1
722	2
723	2
724	2
725	2
726	3
727	4
728	3
729	3
730	5
731	0
732	3
733	0
734	1
735	4
736	2
737	4
738	0
739	3
740	3
741	4
742	5
743	3
744	1
745	1
746	2
747	2
748	4
749	3
750	4
751	4
752	1
753	5
754	3
755	4
756	3
757	4
758	1
759	5
760	3
761	2
762	5
763	5
764	4
765	3
766	2
767	1
768	0
769	3
770	6
771	5
772	5
773	4
774	3
775	2
776	2
777	2
778	4
779	3
780	5
781	5
782	3
783	5
784	5
785	0
786	9
787	2
788	1
789	3
790	2
791	8
792	6
793	3
794	6
795	7
796	6
797	4
798	2
799	7
800	5
801	6
802	8
803	3
804	2
805	7
806	4
807	2
808	7
809	5
810	6
811	7
812	4
813	7
814	5
815	6
816	7
817	3
818	1
819	9
820	2
821	3
822	6
823	4
824	4
825	3
826	5
827	6
828	5
829	4
830	2
831	8
832	0
833	4
834	6
835	4
836	3
837	4
838	5
839	0
840	6
841	2
842	1
843	8
844	5
845	3
846	5
847	1
848	7
849	6
850	4
851	10
852	4
853	3
854	4
855	2
856	4
857	7
858	7
859	3
860	14
861	6
862	8
863	3
864	8
865	6
866	8
867	7
868	10
869	3
870	4
871	9
872	10
873	8
874	6
875	5
876	5
877	5
878	12
879	9
880	5
881	5
882	5
883	9
884	11
885	6
886	5
887	4
888	8
889	7
890	10
891	7
892	4
893	4
894	4
895	5
896	0
897	2
898	2
899	7
900	6
901	6
902	4
903	6
904	2
905	5
906	3
907	4
908	2
909	5
910	4
911	4
912	7
913	1
914	3
915	3
916	1
917	4
918	6
919	4
920	2
921	7
922	3
923	3
924	2
925	1
926	1
927	4
928	1
929	4
930	4
931	3
932	2
933	5
934	3
935	6
936	8
937	1
938	2
939	4
940	6
941	3
942	5
943	1
944	6
945	1
946	1
947	2
948	2
949	2
950	6
951	3
952	3
953	3
954	1
955	7
956	2
957	4
958	6
959	5
960	3
961	7
962	1
963	3
964	2
965	5
966	8
967	5
968	6
969	4
970	0
971	2
972	4
973	3
974	4
975	3
976	3
977	2
978	4
979	3
980	4
981	1
982	3
983	3
984	6
985	3
986	3
987	4
988	3
989	1
990	4
991	2
992	1
993	3
994	2
995	4
996	4
997	2
998	4
999	1
1000	4
1001	4
1002	3
1003	2
1004	3
1005	1
1006	3
1007	2
1008	3
1009	2
1010	4
1011	3
1012	1
1013	1
1014	5
1015	2
1016	3
1017	3
1018	2
1019	5
1020	3
1021	5
1022	1
1023	8
1024	1
1025	0
1026	4
1027	5
1028	2
1029	4
1030	1
1031	4
1032	2
1033	4
1034	2
1035	8
1036	4
1037	3
1038	2
1039	4
1040	1
1041	1
1042	10
1043	4
1044	3
1045	4
1046	4
1047	5
1048	2
1049	4
1050	2
1051	6
1052	5
1053	4
1054	8
1055	5
1056	5
1057	6
1058	5
1059	8
1060	3
1061	1
1062	11
1063	5
1064	5
1065	9
1066	9
1067	1
1068	3
1069	9
1070	3
1071	3
1072	5
1073	3
1074	1
1075	10
1076	5
1077	5
1078	3
1079	2
1080	3
1081	2
1082	6
1083	2
1084	7
1085	7
1086	6
1087	5
1088	3
1089	3
1090	3
1091	4
1092	10
1093	2
1094	4
1095	6
1096	4
1097	11
1098	3
1099	7
1100	5
1101	7
1102	5
1103	4
1104	6
1105	4
1106	4
1107	1
1108	1
1109	6
1110	5
1111	6
1112	5
1113	4
1114	6
1115	5
1116	6
1117	8
1118	5
1119	5
1120	5
1121	2
1122	6
1123	5
1124	4
1125	4
1126	9
1127	6
1128	5
1129	0
1130	4
1131	7
1132	6
1133	6
1134	2
1135	2
1136	2
1137	3
1138	5
1139	4
1140	3
1141	3
1142	4
1143	3
1144	3
1145	4
1146	1
1147	5
1148	3
1149	3
1150	3
1151	6
1152	2
1153	1
1154	2
1155	2
1156	4
1157	4
1158	4
1159	3
1160	6
1161	3
1162	4
1163	2
1164	7
1165	2
1166	1
1167	5
1168	4
1169	6
1170	5
1171	3
1172	4
1173	1
1174	7
1175	1
1176	4
1177	6
1178	4
1179	1
1180	8
1181	6
1182	7
1183	5
1184	2
1185	5
1186	3
1187	5
1188	5
1189	6
1190	1
1191	8
1192	5
1193	5
1194	3
1195	5
1196	5
1197	5
1198	6
1199	1
1200	6
1201	5
1202	6
1203	6
1204	2
1205	3
1206	4
1207	3
1208	4
1209	3
1210	3
1211	5
1212	2
1213	4
1214	4
1215	10
1216	2
1217	3
1218	5
1219	9
1220	12
1221	1
1222	2
1223	8
1224	6
1225	4
1226	4
1227	4
1228	8
1229	3
1230	4
1231	10
1232	6
1233	4
1234	10
1235	4
1236	3
1237	4
1238	13
1239	2
1240	7
1241	8
1242	5
1243	6
1244	8
1245	6
1246	6
1247	6
1248	4
1249	1
1250	4
1251	5
1252	5
1253	9
1254	9
1255	2
1256	4
1257	7
1258	5
1259	9
1260	4
1261	9
1262	9
1263	5
1264	10
1265	5
1266	6
1267	9
1268	8
1269	5
1270	13
1271	4
1272	4
1273	13
1274	8
1275	13
1276	13
1277	6
1278	9
1279	11
1280	3
1281	4
1282	3
1283	10
1284	9
1285	6
1286	11
1287	6
1288	7
1289	12
1290	5
1291	8
1292	6
1293	9
1294	11
1295	10
1296	7
1297	8
1298	7
1299	10
1300	11
1301	8
1302	9
1303	4
1304	5
1305	13
1306	5
1307	9
1308	6
1309	7
1310	9
1311	8
1312	6
1313	9
1314	7
1315	6
1316	16
1317	5
1318	11
1319	6
1320	6
1321	9
1322	11
1323	12
1324	13
1325	5
1326	6
1327	6
1328	2
1329	9
1330	13
1331	9
1332	8
1333	7
1334	8
1335	12
1336	3
1337	12
1338	8
1339	12
1340	3
1341	9
1342	9
1343	19
1344	6
1345	10
1346	12
1347	8
1348	6
1349	7
1350	12
1351	9
1352	16
1353	13
1354	12
1355	7
1356	7
1357	8
1358	7
1359	9
1360	5
1361	5
1362	12
1363	7
1364	5
1365	12
1366	9
1367	5
1368	13
1369	7
1370	9
1371	13
1372	9
1373	10
1374	8
1375	13
1376	6
1377	15
1378	14
1379	8
1380	11
1381	9
1382	16
1383	12
1384	12
1385	8
1386	11
1387	16
1388	8
1389	10
1390	12
1391	12
1392	10
1393	11
1394	11
1395	15
1396	18
1397	4
1398	9
1399	9
1400	8
1401	13
1402	7
1403	5
1404	11
1405	9
1406	11
1407	6
1408	9
1409	15
1410	16
1411	7
1412	13
1413	12
1414	15
1415	5
1416	15
1417	6
1418	7
1419	8
1420	18
1421	14
1422	11
1423	6
1424	13
1425	10
1426	8
1427	8
1428	11
1429	8
1430	17
1431	16
1432	5
1433	15
1434	7
1435	10
1436	13
1437	9
1438	14
1439	14
1440	10
1441	16
1442	14
1443	13
1444	12
1445	9
1446	12
1447	9
1448	12
1449	16
1450	13
1451	7
1452	13
1453	10
1454	9
1455	6
1456	17
1457	10
1458	13
1459	17
1460	15
1461	10
1462	12
1463	13
1464	12
1465	15
1466	15
1467	13
1468	15
1469	6
1470	11
1471	21
1472	7
1473	10
1474	15
1475	13
1476	11
1477	12
1478	20
1479	8
1480	13
1481	15
1482	12
1483	4
1484	13
1485	14
1486	14
1487	9
1488	15
1489	14
1490	13
1491	16
1492	10
1493	13
1494	21
1495	11
1496	17
1497	11
1498	14
1499	13
1500	10
1501	7
1502	14
1503	19
1504	19
1505	11
1506	17
1507	21
1508	16
1509	8
1510	15
1511	8
1512	12
1513	14
1514	16
1515	14
1516	26
1517	15
1518	17
1519	13
1520	23
1521	12
1522	18
1523	13
1524	13
1525	12
1526	11
1527	12
1528	18
1529	10
1530	8
1531	7
1532	16
1533	16
1534	14
1535	20
1536	12
1537	14
1538	14
1539	18
1540	10
1541	13
1542	16
1543	10
1544	9
1545	12
1546	12
1547	24
1548	16
1549	10
1550	16
1551	16
1552	9
1553	16
1554	19
1555	16
1556	22
1557	12
1558	14
1559	11
1560	15
1561	16
1562	14
1563	18
1564	18
1565	21
1566	15
1567	17
1568	16
1569	15
1570	19
1571	11
1572	15
1573	13
1574	23
1575	16
1576	17
1577	19
1578	14
1579	16
1580	14
1581	11
1582	17
1583	10
1584	12
1585	17
1586	16
1587	18
1588	23
1589	12
1590	15
1591	5
1592	13
1593	24
1594	20
1595	13
1596	15
1597	15
1598	13
1599	19
1600	13
1601	11
1602	13
1603	14
1604	18
1605	9
1606	22
1607	8
1608	10
1609	17
1610	15
1611	8
1612	21
1613	14
1614	9
1615	18
1616	14
1617	19
1618	17
1619	20
1620	19
1621	14
1622	19
1623	15
1624	21
1625	22
1626	13
1627	17
1628	18
1629	25
1630	19
1631	14
1632	9
1633	15
1634	10
1635	17
1636	15
1637	18
1638	13
1639	6
1640	14
1641	13
1642	23
1643	12
1644	16
1645	15
1646	11
1647	15
1648	17
1649	19
1650	17
1651	11
1652	18
1653	7
1654	20
1655	16
1656	13
1657	16
1658	19
1659	20
1660	16
1661	10
1662	21
1663	26
1664	11
1665	16
1666	17
1667	25
1668	20
1669	13
1670	14
1671	8
1672	19
1673	12
1674	15
1675	19
1676	23
1677	9
1678	19
1679	14
1680	15
1681	14
1682	13
1683	20
1684	13
1685	10
1686	27
1687	10
1688	12
1689	18
1690	18
1691	22
1692	19
1693	20
1694	21
1695	21
1696	16
1697	23
1698	22
1699	17
1700	19
1701	15
1702	24
1703	22
1704	13
1705	18
1706	16
1707	18
1708	28
1709	21
1710	29
1711	16
1712	20
1713	18
1714	11
1715	19
1716	21
1717	18
1718	20
1719	21
1720	15
1721	19
1722	22
1723	14
1724	18
1725	21
1726	14
1727	11
1728	13
1729	21
1730	19
1731	7
1732	17
1733	15
1734	25
1735	15
1736	19
1737	19
1738	14
1739	12
1740	16
1741	23
1742	14
1743	19
1744	12
1745	17
1746	21
1747	12
1748	15
1749	16
1750	19
1751	10
1752	28
1753	21
1754	22
1755	20
1756	18
1757	18
1758	16
1759	16
1760	20
1761	12
1762	14
1763	20
1764	19
1765	12
1766	26
1767	16
1768	10
1769	22
1770	12
1771	14
1772	22
1773	22
1774	17
1775	22
1776	17
1777	19
1778	19
1779	24
1780	26
1781	14
1782	23
1783	15
1784	19
1785	22
1786	15
1787	23
1788	20
1789	12
1790	13
1791	31
1792	20
1793	20
1794	15
1795	33
1796	17
1797	16
1798	24
1799	13
1800	17
1801	28
1802	12
1803	19
1804	28
1805	13
1806	25
1807	15
1808	17
1809	21
1810	13
1811	18
1812	16
1813	16
1814	23
1815	22
1816	26
1817	19
1818	17
1819	31
1820	16
1821	27
1822	20
1823	20
1824	26
1825	24
1826	12
1827	25
1828	27
1829	15
1830	22
1831	11
1832	23
1833	23
1834	15
1835	19
1836	30
1837	21
1838	23
1839	17
1840	17
1841	11
1842	19
1843	24
1844	23
1845	12
1846	30
1847	17
1848	10
1849	26
1850	16
1851	22
1852	19
1853	25
1854	22
1855	23
1856	14
1857	16
1858	22
1859	17
1860	27
1861	17
1862	17
1863	19
1864	25
1865	19
1866	12
1867	22
1868	25
1869	20
1870	14
1871	19
1872	20
1873	16
1874	16
1875	17
1876	31
1877	22
1878	21
1879	9
1880	24
1881	23
1882	24
1883	23
1884	20
1885	29
1886	23
1887	21
1888	27
1889	15
1890	26
1891	29
1892	26
1893	20
1894	30
1895	24
1896	12
1897	29
1898	25
1899	15
1900	33
1901	18
1902	14
1903	19
1904	18
1905	24
1906	26
1907	25
1908	27
1909	19
1910	28
1911	23
1912	21
1913	19
1914	18
1915	28
1916	21
1917	13
1918	23
1919	26
1920	22
1921	31
1922	39
1923	19
1924	35
1925	30
1926	28
1927	11
1928	24
1929	32
1930	18
1931	13
1932	31
1933	26
1934	26
1935	15
1936	23
1937	21
1938	30
1939	28
1940	34
1941	30
1942	43
1943	23
1944	32
1945	34
1946	31
1947	28
1948	32
1949	31
1950	26
1951	23
1952	26
1953	33
1954	40
1955	25
1956	54
1957	22
1958	36
1959	31
1960	35
1961	40
1962	25
1963	39
1964	47
1965	37
1966	42
1967	23
1968	50
1969	46
1970	38
1971	50
1972	44
1973	44
1974	63
1975	43
1976	54
1977	78
1978	53
1979	85
1980	67
1981	65
1982	73
1983	71
1984	64
1985	91
1986	87
1987	81
1988	113
1989	62
1990	122
1991	67
1992	117
1993	115
1994	107
1995	97
1996	157
1997	138
1998	126
1999	125
2000	147
2001	132
2002	165
2003	190
2004	168
2005	149
2006	185
2007	111
2008	205
2009	198
2010	157
2011	198
2012	229
2013	192
2014	207
2015	212
2016	198
2017	185
2018	228
2019	189
2020	273
2021	147
2022	247
2023	201
2024	221
2025	221
2026	183
2027	200
2028	258
2029	210
2030	239
2031	152
2032	217
2033	177
2034	207
2035	186
2036	229
2037	119
2038	216
2039	163
2040	167
2041	193
2042	137
2043	167
2044	157
2045	142
2046	153
2047	154
2048	89
2049	116
2050	114
2051	103
2052	115
2053	82
2054	136
2055	87
2056	100
2057	110
2058	63
2059	99
2060	70
2061	71
2062	60
2063	78
2064	57
2065	75
2066	63
2067	85
2068	55
2069	55
2070	49
2071	41
2072	47
2073	49
2074	23
2075	44
2076	45
2077	23
2078	35
2079	40
2080	25
2081	27
2082	30
2083	26
2084	36
2085	19
2086	25
2087	28
2088	7
2089	38
2090	20
2091	13
2092	23
2093	36
2094	22
2095	31
2096	20
2097	25
2098	23
2099	22
2100	15
2101	18
2102	20
2103	17
2104	10
2105	25
2106	20
2107	21
2108	23
2109	24
2110	27
2111	24
2112	18
2113	12
2114	8
2115	20
2116	20
2117	14
2118	12
2119	13
2120	17
2121	25
2122	15
2123	26
2124	25
2125	22
2126	19
2127	13
2128	13
2129	20
2130	29
2131	27
2132	17
2133	11
2134	23
2135	17
2136	23
2137	26
2138	24
2139	22
2140	19
2141	21
2142	19
2143	19
2144	12
2145	18
2146	12
2147	20
2148	30
2149	16
2150	15
2151	16
2152	17
2153	21
2154	17
2155	17
2156	15
2157	20
2158	21
2159	13
2160	9
2161	18
2162	21
2163	23
2164	19
2165	18
2166	20
2167	14
2168	13
2169	17
2170	19
2171	23
2172	19
2173	21
2174	19
2175	23
2176	16
2177	13
2178	19
2179	18
2180	17
2181	19
2182	21
2183	11
2184	10
2185	29
2186	13
2187	19
2188	19
2189	24
2190	15
2191	15
2192	16
2193	17
2194	14
2195	24
2196	16
2197	11
2198	20
2199	15
2200	18
2201	28
2202	14
2203	27
2204	13
2205	9
2206	26
2207	26
2208	15
2209	18
2210	22
2211	22
2212	25
2213	20
2214	22
2215	21
2216	11
2217	22
2218	11
2219	19
2220	19
2221	21
2222	25
2223	22
2224	10
2225	18
2226	18
2227	20
2228	17
2229	6
2230	26
2231	21
2232	10
2233	25
2234	15
2235	34
2236	16
2237	21
2238	14
2239	22
2240	21
2241	25
2242	29
2243	28
2244	30
2245	28
2246	21
2247	22
2248	28
2249	22
2250	24
2251	24
2252	25
2253	22
2254	16
2255	20
2256	30
2257	30
2258	25
2259	30
2260	40
2261	24
2262	41
2263	31
2264	29
2265	45
2266	40
2267	42
2268	35
2269	42
2270	37
2271	43
2272	35
2273	50
2274	37
2275	38
2276	43
2277	30
2278	63
2279	38
2280	37
2281	56
2282	35
2283	63
2284	44
2285	49
2286	47
2287	41
2288	36
2289	48
2290	45
2291	59
2292	56
2293	28
2294	59
2295	47
2296	34
2297	74
2298	45
2299	56
2300	40
2301	44
2302	45
2303	49
2304	39
2305	30
2306	38
2307	29
2308	46
2309	24
2310	33
2311	27
2312	31
2313	41
2314	18
2315	23
2316	34
2317	37
2318	29
2319	18
2320	27
2321	40
2322	37
2323	36
2324	31
2325	23
2326	21
2327	28
2328	30
2329	32
2330	20
2331	29
2332	27
2333	23
2334	21
2335	27
2336	25
2337	17
2338	19
2339	20
2340	22
2341	17
2342	28
2343	16
2344	16
2345	20
2346	21
2347	15
2348	22
2349	16
2350	14
2351	20
2352	11
2353	18
2354	13
2355	17
2356	23
2357	8
2358	19
2359	13
2360	18
2361	19
2362	16
2363	15
2364	12
2365	20
2366	14
2367	19
2368	11
2369	11
2370	12
2371	14
2372	14
2373	10
2374	17
2375	9
2376	10
2377	20
2378	11
2379	15
2380	16
2381	14
2382	14
2383	11
2384	7
2385	14
2386	12
2387	15
2388	13
2389	7
2390	18
2391	7
2392	17
2393	17
2394	6
2395	21
2396	16
2397	14
2398	13
2399	20
2400	16
2401	10
2402	3
2403	10
2404	20
2405	11
2406	16
2407	15
2408	7
2409	8
2410	5
2411	9
2412	8
2413	14
2414	14
2415	13
2416	7
2417	7
2418	15
2419	11
2420	19
2421	14
2422	18
2423	12
2424	15
2425	11
2426	6
2427	13
2428	9
2429	10
2430	9
2431	13
2432	10
2433	16
2434	12
2435	7
2436	14
2437	5
2438	12
2439	9
2440	9
2441	24
2442	9
2443	12
2444	15
2445	11
2446	14
2447	6
2448	21
2449	11
2450	19
2451	15
2452	14
2453	10
2454	21
2455	7
2456	15
2457	15
2458	10
2459	9
2460	9
2461	15
2462	17
2463	12
2464	10
2465	12
2466	13
2467	16
2468	14
2469	11
2470	20
2471	11
2472	8
2473	12
2474	12
2475	5
2476	15
2477	14
2478	6
2479	10
2480	12
2481	7
2482	8
2483	10
2484	13
2485	5
2486	17
2487	12
2488	8
2489	9
2490	11
2491	11
2492	12
2493	9
2494	17
2495	12
2496	8
2497	9
2498	17
2499	10
2500	21
2501	15
2502	17
2503	11
2504	12
2505	14
2506	10
2507	10
2508	24
2509	7
2510	13
2511	9
2512	7
2513	15
2514	9
2515	19
2516	15
2517	11
2518	12
2519	5
2520	19
2521	18
2522	11
2523	14
2524	13
2525	9
2526	17
2527	6
2528	5
2529	11
2530	12
2531	11
2532	14
2533	12
2534	10
2535	12
2536	12
2537	17
2538	7
2539	11
2540	23
2541	10
2542	12
2543	4
2544	8
2545	15
2546	14
2547	19
2548	12
2549	10
2550	16
2551	17
2552	12
2553	13
2554	15
2555	9
2556	16
2557	12
2558	17
2559	13
2560	17
2561	19
2562	8
2563	16
2564	12
2565	20
2566	19
2567	15
2568	9
2569	28
2570	5
2571	14
2572	22
2573	14
2574	17
2575	19
2576	16
2577	21
2578	17
2579	16
2580	11
2581	17
2582	24
2583	24
2584	19
2585	20
2586	12
2587	23
2588	21
2589	19
2590	17
2591	8
2592	23
2593	16
2594	26
2595	25
2596	21
2597	11
2598	24
2599	14
2600	13
2601	36
2602	17
2603	25
2604	23
2605	13
2606	19
2607	21
2608	18
2609	19
2610	12
2611	27
2612	21
2613	15
2614	20
2615	17
2616	16
2617	27
2618	12
2619	20
2620	11
2621	16
2622	17
2623	14
2624	14
2625	17
2626	13
2627	18
2628	21
2629	9
2630	19
2631	7
2632	13
2633	11
2634	18
2635	16
2636	17
2637	13
2638	15
2639	14
2640	16
2641	12
2642	13
2643	9
2644	9
2645	5
2646	11
2647	6
2648	13
2649	10
2650	10
2651	18
2652	19
2653	6
2654	11
2655	13
2656	16
2657	13
2658	11
2659	11
2660	12
2661	10
2662	12
2663	15
2664	16
2665	14
2666	11
2667	8
2668	14
2669	9
2670	10
2671	11
2672	11
2673	3
2674	12
2675	9
2676	10
2677	8
2678	13
2679	8
2680	12
2681	23
2682	10
2683	10
2684	8
2685	5
2686	10
2687	13
2688	15
2689	9
2690	14
2691	8
2692	16
2693	5
2694	13
2695	6
2696	15
2697	12
2698	6
2699	8
2700	13
2701	10
2702	9
2703	6
2704	13
2705	12
2706	7
2707	17
2708	12
2709	6
2710	8
2711	10
2712	8
2713	12
2714	7
2715	7
2716	9
2717	11
2718	14
2719	8
2720	11
2721	12
2722	18
2723	10
2724	6
2725	9
2726	8
2727	8
2728	11
2729	11
2730	9
2731	5
2732	14
2733	5
2734	3
2735	6
2736	17
2737	8
2738	9
2739	14
2740	7
2741	10
2742	8
2743	11
2744	7
2745	13
2746	12
2747	14
2748	9
2749	12
2750	7
2751	5
2752	9
2753	12
2754	13
2755	18
2756	11
2757	9
2758	13
2759	5
2760	13
2761	12
2762	5
2763	4
2764	14
2765	8
2766	10
2767	7
2768	10
2769	10
2770	18
2771	11
2772	11
2773	13
2774	16
2775	8
2776	11
2777	17
2778	7
2779	7
2780	6
2781	8
2782	11
2783	10
2784	8
2785	6
2786	10
2787	7
2788	11
2789	9
2790	7
2791	10
2792	6
2793	14
2794	8
2795	6
2796	7
2797	9
2798	5
2799	9
2800	5
2801	10
2802	12
2803	10
2804	13
2805	10
2806	10
2807	9
2808	8
2809	16
2810	5
2811	9
2812	10
2813	6
2814	9
2815	14
2816	9
2817	14
2818	6
2819	8
2820	13
2821	7
2822	12
2823	6
2824	4
2825	11
2826	6
2827	12
2828	14
2829	6
2830	5
2831	3
2832	9
2833	15
2834	11
2835	15
2836	3
2837	6
2838	6
2839	9
2840	13
2841	13
2842	10
2843	14
2844	18
2845	9
2846	4
2847	3
2848	3
2849	14
2850	9
2851	6
2852	14
2853	6
2854	11
2855	10
2856	9
2857	6
2858	11
2859	13
2860	11
2861	11
2862	14
2863	6
2864	12
2865	9
2866	8
2867	10
2868	8
2869	12
2870	13
2871	10
2872	5
2873	11
2874	7
2875	8
2876	7
2877	8
2878	12
2879	8
2880	9
2881	3
2882	8
2883	10
2884	11
2885	8
2886	9
2887	7
2888	4
2889	8
2890	5
2891	4
2892	8
2893	9
2894	5
2895	6
2896	9
2897	3
2898	9
2899	8
2900	15
2901	9
2902	5
2903	8
2904	8
2905	8
2906	10
2907	12
2908	11
2909	8
2910	11
2911	12
2912	11
2913	10
2914	7
2915	4
2916	17
2917	6
2918	8
2919	11
2920	11
2921	9
2922	4
2923	6
2924	13
2925	8
2926	7
2927	8
2928	8
2929	10
2930	13
2931	15
2932	6
2933	12
2934	12
2935	5
2936	9
2937	8
2938	13
2939	14
2940	8
2941	7
2942	7
2943	4
2944	7
2945	11
2946	10
2947	7
2948	10
2949	7
2950	11
2951	6
2952	10
2953	11
2954	11
2955	8
2956	11
2957	10
2958	8
2959	2
2960	11
2961	8
2962	15
2963	10
2964	13
2965	5
2966	12
2967	11
2968	8
2969	10
2970	6
2971	6
2972	10
2973	7
2974	6
2975	7
2976	10
2977	9
2978	12
2979	5
2980	16
2981	7
2982	9
2983	10
2984	9
2985	11
2986	7
2987	9
2988	11
2989	9
2990	4
2991	4
2992	8
2993	9
2994	10
2995	5
2996	11
2997	5
2998	7
2999	3
3000	8
3001	6
3002	7
3003	11
3004	13
3005	9
3006	5
3007	8
3008	14
3009	8
3010	8
3011	11
3012	12
3013	5
3014	14
3015	4
3016	7
3017	11
3018	5
3019	6
3020	10
3021	9
3022	6
3023	4
3024	10
3025	8
3026	9
3027	10
3028	7
3029	2
3030	5
3031	3
3032	11
3033	10
3034	4
3035	8
3036	9
3037	7
3038	8
3039	12
3040	9
3041	8
3042	5
3043	6
3044	11
3045	11
3046	8
3047	4
3048	8
3049	10
3050	10
3051	7
3052	10
3053	3
3054	8
3055	5
3056	3
3057	1
3058	7
3059	5
3060	7
3061	5
3062	15
3063	10
3064	8
3065	6
3066	5
3067	5
3068	6
3069	9
3070	4
3071	4
3072	7
3073	4
3074	7
3075	8
3076	13
3077	6
3078	7
3079	5
3080	8
3081	8
3082	4
3083	6
3084	9
3085	6
3086	7
3087	8
3088	4
3089	11
3090	4
3091	11
3092	8
3093	8
3094	14
3095	5
3096	6
3097	11
3098	3
3099	13
3100	11
3101	9
3102	8
3103	8
3104	9
3105	11
3106	3
3107	8
3108	6
3109	8
3110	3
3111	9
3112	6
3113	12
3114	5
3115	5
3116	6
3117	8
3118	6
3119	10
3120	6
3121	4
3122	6
3123	7
3124	7
3125	5
3126	7
3127	3
3128	8
3129	3
3130	7
3131	19
3132	7
3133	3
3134	14
3135	10
3136	8
3137	6
3138	4
3139	10
3140	10
3141	10
3142	4
3143	6
3144	6
3145	8
3146	7
3147	14
3148	11
3149	10
3150	5
3151	6
3152	3
3153	9
3154	4
3155	6
3156	9
3157	5
3158	10
3159	7
3160	9
3161	6
3162	2
3163	7
3164	9
3165	12
3166	2
3167	4
3168	7
3169	3
3170	6
3171	12
3172	9
3173	7
3174	6
3175	4
3176	6
3177	6
3178	6
3179	5
3180	7
3181	8
3182	8
3183	9
3184	7
3185	11
3186	4
3187	4
3188	7
3189	4
3190	11
3191	8
3192	5
3193	9
3194	4
3195	5
3196	10
3197	9
3198	6
3199	6
3200	5
3201	4
3202	5
3203	10
3204	10
3205	4
3206	7
3207	2
3208	5
3209	15
3210	4
3211	7
3212	4
3213	8
3214	5
3215	6
3216	6
3217	7
3218	4
3219	8
3220	9
3221	8
3222	5
3223	8
3224	11
3225	11
3226	5
3227	9
3228	4
3229	7
3230	8
3231	14
3232	5
3233	8
3234	4
3235	13
3236	8
3237	3
3238	13
3239	9
3240	5
3241	7
3242	4
3243	3
3244	9
3245	5
3246	9
3247	4
3248	7
3249	5
3250	4
3251	6
3252	9
3253	7
3254	11
3255	6
3256	3
3257	7
3258	7
3259	4
3260	10
3261	7
3262	3
3263	5
3264	9
3265	7
3266	4
3267	4
3268	5
3269	3
3270	5
3271	4
3272	4
3273	10
3274	2
3275	6
3276	4
3277	7
3278	6
3279	8
3280	6
3281	6
3282	10
3283	4
3284	4
3285	4
3286	7
3287	2
3288	4
3289	5
3290	3
3291	8
3292	6
3293	9
3294	2
3295	10
3296	5
3297	6
3298	4
3299	4
3300	8
3301	7
3302	7
3303	9
3304	5
3305	7
3306	3
3307	9
3308	4
3309	6
3310	5
3311	4
3312	3
3313	2
3314	5
3315	5
3316	5
3317	3
3318	8
3319	5
3320	7
3321	4
3322	3
3323	7
3324	4
3325	5
3326	7
3327	4
3328	8
3329	6
3330	9
3331	12
3332	8
3333	7
3334	5
3335	3
3336	0
3337	10
3338	3
3339	5
3340	10
3341	6
3342	6
3343	5
3344	2
3345	2
3346	5
3347	9
3348	3
3349	3
3350	4
3351	5
3352	4
3353	12
3354	2
3355	3
3356	4
3357	3
3358	7
3359	4
3360	10
3361	9
3362	2
3363	3
3364	9
3365	3
3366	6
3367	8
3368	4
3369	2
3370	6
3371	2
3372	5
3373	3
3374	9
3375	6
3376	4
3377	6
3378	2
3379	6
3380	5
3381	5
3382	9
3383	5
3384	5
3385	7
3386	1
3387	4
3388	9
3389	4
3390	5
3391	4
3392	3
3393	6
3394	5
3395	5
3396	3
3397	9
3398	7
3399	4
3400	9
3401	11
3402	1
3403	5
3404	6
3405	1
3406	4
3407	6
3408	2
3409	9
3410	4
3411	2
3412	7
3413	4
3414	11
3415	0
3416	4
3417	9
3418	3
3419	8
3420	3
3421	4
3422	6
3423	5
3424	7
3425	5
3426	0
3427	8
3428	3
3429	10
3430	4
3431	4
3432	6
3433	5
3434	3
3435	5
3436	10
3437	7
3438	4
3439	7
3440	1
3441	5
3442	4
3443	6
3444	5
3445	5
3446	8
3447	0
3448	4
3449	8
3450	3
3451	6
3452	5
3453	2
3454	2
3455	3
3456	4
3457	7
3458	2
3459	4
3460	5
3461	3
3462	1
3463	3
3464	1
3465	5
3466	1
3467	0
3468	7
3469	4
3470	2
3471	6
3472	9
3473	4
3474	5
3475	5
3476	4
3477	7
3478	6
3479	2
3480	7
3481	9
3482	3
3483	3
3484	2
3485	5
3486	4
3487	5
3488	4
3489	6
3490	4
3491	1
3492	8
3493	2
3494	5
3495	5
3496	4
3497	11
3498	4
3499	2
3500	7
3501	2
3502	6
3503	2
3504	4
3505	3
3506	3
3507	7
3508	8
3509	7
3510	3
3511	4
3512	4
3513	10
3514	1
3515	6
3516	6
3517	3
3518	4
3519	4
3520	3
3521	1
3522	3
3523	5
3524	3
3525	3
3526	2
3527	3
3528	4
3529	5
3530	0
3531	5
3532	3
3533	5
3534	2
3535	1
3536	3
3537	5
3538	7
3539	5
3540	3
3541	3
3542	3
3543	3
3544	4
3545	2
3546	4
3547	3
3548	6
3549	3
3550	2
3551	7
3552	6
3553	4
3554	5
3555	3
3556	5
3557	6
3558	5
3559	5
3560	0
3561	6
3562	1
3563	4
3564	9
3565	8
3566	7
3567	3
3568	3
3569	5
3570	1
3571	5
3572	4
3573	3
3574	7
3575	3
3576	2
3577	2
3578	2
3579	5
3580	5
3581	3
3582	6
3583	3
3584	4
3585	5
3586	5
3587	4
3588	5
3589	4
3590	2
3591	1
3592	1
3593	1
3594	2
3595	8
3596	2
3597	2
3598	5
3599	3
3600	1
3601	5
3602	3
3603	4
3604	4
3605	4
3606	3
3607	5
3608	4
3609	3
3610	5
3611	4
3612	4
3613	3
3614	2
3615	4
3616	1
3617	3
3618	2
3619	3
3620	3
3621	4
3622	8
3623	6
3624	2
3625	4
3626	2
3627	3
3628	5
3629	3
3630	0
3631	6
3632	6
3633	0
3634	1
3635	4
3636	1
3637	2
3638	6
3639	3
3640	3
3641	7
3642	1
3643	3
3644	11
3645	1
3646	3
3647	5
3648	3
3649	0
3650	8
3651	0
3652	8
3653	1
3654	3
3655	1
3656	6
3657	3
3658	4
3659	2
3660	4
3661	5
3662	3
3663	3
3664	2
3665	3
3666	4
3667	1
3668	8
3669	1
3670	4
3671	2
3672	4
3673	3
3674	1
3675	1
3676	3
3677	5
3678	3
3679	6
3680	3
3681	1
3682	1
3683	1
3684	5
3685	0
3686	3
3687	0
3688	2
3689	2
3690	3
3691	0
3692	2
3693	0
3694	1
3695	2
3696	4
3697	2
3698	5
3699	2
3700	1
3701	2
3702	1
3703	2
3704	0
3705	5
3706	0
3707	3
3708	2
3709	3
3710	2
3711	2
3712	2
3713	4
3714	1
3715	2
3716	4
3717	2
3718	5
3719	1
3720	3
3721	4
3722	0
3723	4
3724	6
3725	0
3726	2
3727	3
3728	1
3729	2
3730	1
3731	2
3732	2
3733	3
3734	3
3735	2
3736	3
3737	5
3738	6
3739	5
3740	3
3741	2
3742	5
3743	2
3744	3
3745	5
3746	2
3747	3
3748	2
3749	0
3750	4
3751	3
3752	2
3753	3
3754	3
3755	1
3756	4
3757	1
3758	2
3759	2
3760	1
3761	0
3762	2
3763	2
3764	2
3765	5
3766	4
3767	0
3768	2
3769	5
3770	3
3771	5
3772	1
3773	2
3774	2
3775	1
3776	5
3777	0
3778	1
3779	6
3780	2
3781	3
3782	3
3783	0
3784	2
3785	1
3786	3
3787	0
3788	3
3789	2
3790	2
3791	4
3792	1
3793	3
3794	1
3795	3
3796	2
3797	0
3798	3
3799	1
3800	1
3801	4
3802	2
3803	4
3804	1
3805	0
3806	1
3807	2
3808	3
3809	2
3810	1
3811	1
3812	5
3813	2
3814	5
3815	3
3816	2
3817	2
3818	1
3819	2
3820	3
3821	0
3822	1
3823	3
3824	0
3825	0
3826	3
3827	6
3828	1
3829	0
3830	2
3831	0
3832	3
3833	2
3834	0
3835	2
3836	2
3837	0
3838	2
3839	2
3840	1
3841	1
3842	1
3843	1
3844	5
3845	1
3846	1
3847	1
3848	2
3849	2
3850	3
3851	1
3852	1
3853	3
3854	1
3855	1
3856	2
3857	1
3858	5
3859	4
3860	2
3861	2
3862	0
3863	1
3864	1
3865	3
3866	4
3867	3
3868	1
3869	2
3870	3
3871	0
3872	1
3873	2
3874	0
3875	2
3876	1
3877	4
3878	0
3879	1
3880	0
3881	1
3882	0
3883	1
3884	2
3885	0
3886	2
3887	1
3888	1
3889	3
3890	1
3891	2
3892	4
3893	1
3894	4
3895	4
3896	0
3897	2
3898	1
3899	4
3900	0
3901	0
3902	1
3903	1
3904	1
3905	0
3906	1
3907	3
3908	3
3909	2
3910	1
3911	2
3912	1
3913	2
3914	1
3915	2
3916	1
3917	0
3918	0
3919	1
3920	1
3921	1
3922	1
3923	1
3924	1
3925	1
3926	2
3927	0
3928	1
3929	2
3930	1
3931	1
3932	3
3933	0
3934	1
3935	1
3936	1
3937	4
3938	0
3939	2
3940	2
3941	2
3942	2
3943	2
3944	4
3945	2
3946	0
3947	3
3948	1
3949	2
3950	2
3951	1
3952	1
3953	1
3954	0
3955	2
3956	0
3957	2
3958	1
3959	2
3960	1
3961	1
3962	1
3963	3
3964	1
3965	2
3966	1
3967	1
3968	0
3969	0
3970	1
3971	0
3972	2
3973	1
3974	2
3975	0
3976	1
3977	1
3978	1
3979	2
3980	1
3981	0
3982	0
3983	0
3984	2
3985	2
3986	1
3987	0
3988	0
3989	1
3990	0
3991	1
3992	1
3993	3
3994	0
3995	2
3996	0
3997	0
3998	2
3999	0
4000	1
