Channel number	Impulses
Channel/#	Impulses/#

0	0
1	0
2	0
3	0
4	0
5	0
6	0
7	0
8	0
9	0
10	0
11	0
12	0
13	0
14	0
15	0
16	0
17	0
18	0
19	0
20	0
21	0
22	0
23	0
24	0
25	0
26	0
27	0
28	0
29	0
30	0
31	0
32	0
33	0
34	0
35	0
36	0
37	0
38	0
39	0
40	0
41	0
42	0
43	0
44	0
45	0
46	0
47	0
48	0
49	0
50	0
51	0
52	0
53	1
54	1
55	1
56	2
57	2
58	2
59	3
60	1
61	4
62	1
63	4
64	2
65	2
66	1
67	2
68	2
69	0
70	2
71	2
72	1
73	1
74	4
75	5
76	2
77	2
78	3
79	2
80	1
81	4
82	3
83	0
84	6
85	2
86	2
87	1
88	0
89	3
90	4
91	2
92	2
93	0
94	1
95	4
96	0
97	1
98	5
99	2
100	3
101	1
102	2
103	3
104	3
105	2
106	3
107	2
108	3
109	1
110	0
111	5
112	0
113	3
114	2
115	5
116	2
117	4
118	3
119	0
120	3
121	0
122	0
123	3
124	2
125	1
126	4
127	3
128	0
129	2
130	1
131	2
132	3
133	0
134	2
135	1
136	3
137	5
138	2
139	3
140	3
141	1
142	1
143	3
144	1
145	1
146	4
147	3
148	2
149	2
150	1
151	1
152	0
153	0
154	3
155	2
156	3
157	3
158	1
159	1
160	3
161	1
162	1
163	0
164	2
165	4
166	2
167	2
168	1
169	2
170	2
171	3
172	1
173	2
174	6
175	2
176	0
177	3
178	1
179	1
180	3
181	3
182	3
183	1
184	1
185	0
186	2
187	2
188	2
189	0
190	1
191	2
192	1
193	2
194	1
195	1
196	2
197	0
198	2
199	1
200	1
201	4
202	0
203	0
204	2
205	2
206	1
207	0
208	2
209	2
210	3
211	5
212	1
213	1
214	4
215	0
216	6
217	1
218	2
219	1
220	0
221	1
222	0
223	0
224	0
225	0
226	1
227	1
228	1
229	1
230	3
231	1
232	1
233	1
234	0
235	1
236	7
237	1
238	2
239	2
240	0
241	1
242	0
243	2
244	1
245	1
246	1
247	2
248	0
249	3
250	3
251	2
252	0
253	4
254	0
255	0
256	0
257	1
258	0
259	1
260	3
261	1
262	2
263	1
264	2
265	2
266	0
267	0
268	2
269	1
270	1
271	0
272	0
273	2
274	2
275	0
276	2
277	0
278	1
279	1
280	1
281	1
282	0
283	1
284	0
285	1
286	2
287	0
288	0
289	1
290	2
291	1
292	2
293	0
294	0
295	2
296	0
297	0
298	0
299	2
300	0
301	2
302	2
303	2
304	4
305	1
306	0
307	2
308	0
309	2
310	2
311	1
312	3
313	0
314	1
315	0
316	1
317	1
318	3
319	2
320	0
321	1
322	1
323	0
324	1
325	2
326	0
327	5
328	4
329	3
330	0
331	0
332	0
333	0
334	2
335	1
336	1
337	0
338	1
339	0
340	2
341	1
342	2
343	1
344	2
345	0
346	1
347	0
348	1
349	0
350	1
351	3
352	3
353	0
354	0
355	1
356	0
357	1
358	0
359	1
360	2
361	1
362	1
363	0
364	1
365	1
366	0
367	0
368	2
369	1
370	1
371	3
372	4
373	2
374	0
375	3
376	0
377	0
378	0
379	0
380	0
381	0
382	1
383	5
384	1
385	0
386	1
387	0
388	2
389	1
390	0
391	2
392	0
393	0
394	2
395	1
396	1
397	2
398	1
399	0
400	0
401	0
402	1
403	1
404	1
405	1
406	3
407	0
408	1
409	1
410	0
411	1
412	0
413	0
414	1
415	1
416	1
417	0
418	0
419	2
420	0
421	0
422	0
423	1
424	2
425	4
426	0
427	0
428	1
429	0
430	4
431	2
432	2
433	1
434	1
435	0
436	1
437	1
438	0
439	1
440	1
441	0
442	2
443	2
444	0
445	0
446	2
447	0
448	1
449	0
450	0
451	1
452	1
453	1
454	1
455	0
456	1
457	1
458	1
459	0
460	0
461	0
462	0
463	3
464	1
465	1
466	0
467	1
468	1
469	0
470	1
471	0
472	1
473	1
474	3
475	0
476	0
477	2
478	0
479	0
480	0
481	1
482	2
483	0
484	0
485	1
486	0
487	2
488	0
489	0
490	2
491	1
492	1
493	1
494	1
495	4
496	0
497	2
498	2
499	0
500	1
501	3
502	2
503	0
504	0
505	2
506	0
507	1
508	1
509	1
510	1
511	2
512	0
513	0
514	2
515	0
516	2
517	1
518	2
519	1
520	1
521	0
522	1
523	0
524	0
525	2
526	0
527	1
528	1
529	1
530	1
531	0
532	0
533	1
534	0
535	0
536	0
537	1
538	1
539	0
540	1
541	0
542	0
543	1
544	1
545	1
546	2
547	1
548	0
549	1
550	1
551	0
552	2
553	1
554	2
555	0
556	0
557	2
558	0
559	1
560	1
561	0
562	1
563	0
564	0
565	0
566	1
567	0
568	1
569	1
570	0
571	0
572	0
573	2
574	1
575	1
576	0
577	1
578	0
579	2
580	0
581	0
582	0
583	0
584	1
585	0
586	1
587	0
588	1
589	1
590	0
591	4
592	2
593	0
594	1
595	0
596	0
597	0
598	0
599	1
600	3
601	1
602	1
603	1
604	1
605	0
606	2
607	0
608	1
609	0
610	1
611	1
612	0
613	0
614	1
615	0
616	1
617	1
618	0
619	2
620	0
621	0
622	2
623	0
624	0
625	0
626	0
627	2
628	0
629	1
630	2
631	1
632	0
633	0
634	0
635	0
636	0
637	2
638	1
639	2
640	0
641	1
642	1
643	1
644	0
645	0
646	2
647	2
648	0
649	1
650	0
651	1
652	0
653	0
654	1
655	1
656	1
657	0
658	0
659	1
660	0
661	0
662	1
663	0
664	0
665	1
666	2
667	1
668	0
669	0
670	0
671	2
672	4
673	2
674	1
675	0
676	1
677	0
678	1
679	1
680	0
681	0
682	1
683	0
684	0
685	2
686	1
687	0
688	1
689	0
690	1
691	2
692	0
693	3
694	1
695	0
696	1
697	1
698	0
699	2
700	0
701	1
702	0
703	2
704	0
705	1
706	0
707	0
708	1
709	0
710	1
711	2
712	0
713	0
714	0
715	0
716	0
717	0
718	1
719	0
720	1
721	0
722	1
723	1
724	2
725	0
726	1
727	1
728	1
729	0
730	1
731	1
732	0
733	1
734	2
735	0
736	2
737	0
738	2
739	0
740	0
741	0
742	3
743	2
744	0
745	0
746	0
747	0
748	1
749	0
750	3
751	1
752	0
753	1
754	1
755	4
756	0
757	2
758	1
759	0
760	2
761	0
762	1
763	1
764	2
765	0
766	1
767	0
768	2
769	0
770	4
771	2
772	1
773	1
774	3
775	0
776	1
777	0
778	1
779	1
780	1
781	0
782	2
783	0
784	1
785	5
786	0
787	1
788	1
789	0
790	5
791	0
792	2
793	0
794	0
795	0
796	1
797	3
798	0
799	3
800	1
801	2
802	0
803	0
804	1
805	0
806	2
807	2
808	1
809	1
810	1
811	0
812	2
813	0
814	3
815	1
816	1
817	0
818	1
819	1
820	1
821	0
822	1
823	0
824	2
825	1
826	1
827	0
828	0
829	2
830	2
831	1
832	2
833	1
834	0
835	0
836	0
837	1
838	1
839	0
840	0
841	0
842	0
843	0
844	2
845	0
846	2
847	1
848	1
849	2
850	3
851	0
852	4
853	2
854	2
855	3
856	4
857	1
858	0
859	4
860	4
861	3
862	3
863	3
864	1
865	1
866	3
867	3
868	0
869	3
870	1
871	2
872	0
873	2
874	0
875	3
876	2
877	5
878	6
879	1
880	1
881	0
882	2
883	3
884	2
885	0
886	2
887	1
888	5
889	2
890	2
891	1
892	2
893	2
894	4
895	2
896	1
897	2
898	3
899	1
900	3
901	1
902	3
903	2
904	2
905	0
906	1
907	2
908	4
909	0
910	2
911	2
912	1
913	1
914	1
915	2
916	2
917	2
918	1
919	1
920	1
921	0
922	2
923	1
924	0
925	2
926	2
927	3
928	0
929	2
930	2
931	1
932	4
933	1
934	1
935	0
936	1
937	5
938	1
939	2
940	0
941	1
942	0
943	1
944	2
945	1
946	1
947	0
948	1
949	0
950	1
951	3
952	0
953	2
954	6
955	1
956	2
957	0
958	2
959	1
960	3
961	0
962	4
963	2
964	4
965	0
966	3
967	0
968	4
969	1
970	1
971	1
972	2
973	1
974	2
975	2
976	2
977	3
978	1
979	3
980	1
981	1
982	4
983	2
984	0
985	2
986	0
987	2
988	1
989	0
990	0
991	4
992	1
993	0
994	3
995	0
996	2
997	0
998	1
999	0
1000	1
1001	2
1002	0
1003	2
1004	0
1005	0
1006	0
1007	1
1008	2
1009	2
1010	1
1011	0
1012	2
1013	0
1014	1
1015	0
1016	1
1017	3
1018	1
1019	1
1020	2
1021	1
1022	2
1023	2
1024	0
1025	0
1026	1
1027	3
1028	2
1029	1
1030	0
1031	3
1032	1
1033	4
1034	1
1035	1
1036	2
1037	0
1038	0
1039	3
1040	3
1041	4
1042	2
1043	3
1044	2
1045	1
1046	3
1047	1
1048	3
1049	2
1050	3
1051	3
1052	1
1053	1
1054	2
1055	6
1056	2
1057	1
1058	1
1059	1
1060	2
1061	1
1062	2
1063	1
1064	1
1065	5
1066	2
1067	0
1068	2
1069	1
1070	0
1071	1
1072	0
1073	2
1074	3
1075	3
1076	1
1077	1
1078	4
1079	1
1080	0
1081	0
1082	6
1083	4
1084	1
1085	2
1086	1
1087	1
1088	2
1089	5
1090	3
1091	4
1092	4
1093	2
1094	1
1095	1
1096	1
1097	3
1098	3
1099	2
1100	3
1101	1
1102	2
1103	6
1104	0
1105	2
1106	2
1107	2
1108	1
1109	0
1110	3
1111	3
1112	5
1113	3
1114	0
1115	0
1116	0
1117	1
1118	2
1119	4
1120	0
1121	2
1122	1
1123	5
1124	5
1125	1
1126	2
1127	2
1128	2
1129	0
1130	1
1131	0
1132	2
1133	1
1134	6
1135	0
1136	1
1137	2
1138	2
1139	2
1140	2
1141	1
1142	2
1143	0
1144	2
1145	0
1146	1
1147	0
1148	4
1149	2
1150	3
1151	2
1152	1
1153	0
1154	0
1155	1
1156	1
1157	1
1158	1
1159	3
1160	0
1161	2
1162	2
1163	1
1164	3
1165	0
1166	1
1167	0
1168	1
1169	2
1170	2
1171	3
1172	4
1173	2
1174	2
1175	0
1176	1
1177	1
1178	6
1179	3
1180	2
1181	4
1182	3
1183	4
1184	1
1185	5
1186	3
1187	6
1188	5
1189	1
1190	4
1191	3
1192	1
1193	4
1194	1
1195	2
1196	4
1197	2
1198	4
1199	5
1200	2
1201	1
1202	6
1203	6
1204	1
1205	1
1206	4
1207	4
1208	1
1209	2
1210	2
1211	4
1212	3
1213	2
1214	1
1215	3
1216	1
1217	1
1218	2
1219	2
1220	4
1221	2
1222	2
1223	2
1224	0
1225	2
1226	3
1227	3
1228	3
1229	2
1230	8
1231	2
1232	2
1233	2
1234	0
1235	1
1236	1
1237	2
1238	3
1239	3
1240	3
1241	3
1242	5
1243	3
1244	1
1245	2
1246	5
1247	3
1248	3
1249	2
1250	3
1251	3
1252	2
1253	1
1254	5
1255	0
1256	1
1257	4
1258	6
1259	5
1260	4
1261	1
1262	0
1263	0
1264	2
1265	5
1266	2
1267	3
1268	1
1269	3
1270	7
1271	5
1272	1
1273	5
1274	5
1275	1
1276	7
1277	3
1278	4
1279	11
1280	2
1281	1
1282	3
1283	4
1284	4
1285	4
1286	4
1287	3
1288	2
1289	1
1290	1
1291	1
1292	2
1293	1
1294	3
1295	3
1296	3
1297	4
1298	3
1299	7
1300	3
1301	4
1302	6
1303	2
1304	1
1305	3
1306	2
1307	5
1308	0
1309	1
1310	3
1311	3
1312	2
1313	5
1314	2
1315	4
1316	3
1317	3
1318	3
1319	1
1320	1
1321	5
1322	4
1323	3
1324	2
1325	5
1326	2
1327	1
1328	2
1329	3
1330	1
1331	4
1332	7
1333	1
1334	5
1335	2
1336	2
1337	5
1338	5
1339	8
1340	3
1341	3
1342	2
1343	3
1344	1
1345	2
1346	2
1347	3
1348	1
1349	6
1350	5
1351	3
1352	2
1353	5
1354	2
1355	3
1356	6
1357	5
1358	3
1359	4
1360	2
1361	2
1362	5
1363	3
1364	3
1365	2
1366	1
1367	3
1368	3
1369	4
1370	3
1371	3
1372	4
1373	4
1374	2
1375	2
1376	3
1377	0
1378	1
1379	2
1380	6
1381	1
1382	5
1383	4
1384	5
1385	4
1386	4
1387	2
1388	6
1389	1
1390	8
1391	2
1392	4
1393	3
1394	2
1395	3
1396	3
1397	2
1398	2
1399	2
1400	2
1401	2
1402	1
1403	2
1404	3
1405	2
1406	2
1407	7
1408	1
1409	4
1410	4
1411	1
1412	5
1413	6
1414	6
1415	2
1416	4
1417	5
1418	3
1419	4
1420	1
1421	7
1422	3
1423	3
1424	2
1425	2
1426	3
1427	3
1428	4
1429	1
1430	3
1431	6
1432	2
1433	5
1434	3
1435	4
1436	5
1437	3
1438	3
1439	6
1440	4
1441	0
1442	1
1443	0
1444	5
1445	4
1446	3
1447	4
1448	2
1449	7
1450	1
1451	1
1452	5
1453	4
1454	1
1455	0
1456	2
1457	3
1458	3
1459	2
1460	4
1461	1
1462	7
1463	1
1464	6
1465	7
1466	2
1467	3
1468	2
1469	8
1470	8
1471	3
1472	2
1473	6
1474	6
1475	4
1476	4
1477	3
1478	4
1479	5
1480	4
1481	4
1482	3
1483	3
1484	2
1485	2
1486	3
1487	5
1488	1
1489	3
1490	4
1491	2
1492	2
1493	4
1494	4
1495	3
1496	7
1497	5
1498	9
1499	3
1500	4
1501	4
1502	4
1503	4
1504	7
1505	4
1506	6
1507	6
1508	7
1509	2
1510	6
1511	2
1512	4
1513	5
1514	7
1515	4
1516	6
1517	2
1518	5
1519	3
1520	2
1521	0
1522	9
1523	3
1524	4
1525	2
1526	6
1527	3
1528	3
1529	3
1530	10
1531	0
1532	6
1533	6
1534	8
1535	4
1536	1
1537	5
1538	2
1539	7
1540	9
1541	7
1542	3
1543	2
1544	5
1545	5
1546	4
1547	5
1548	4
1549	3
1550	2
1551	6
1552	7
1553	4
1554	2
1555	5
1556	2
1557	2
1558	4
1559	5
1560	5
1561	8
1562	5
1563	4
1564	1
1565	4
1566	4
1567	8
1568	2
1569	5
1570	3
1571	6
1572	4
1573	3
1574	7
1575	4
1576	3
1577	6
1578	2
1579	3
1580	4
1581	3
1582	6
1583	5
1584	2
1585	2
1586	3
1587	3
1588	4
1589	6
1590	6
1591	1
1592	6
1593	4
1594	5
1595	4
1596	7
1597	1
1598	7
1599	8
1600	4
1601	6
1602	8
1603	3
1604	10
1605	5
1606	7
1607	6
1608	1
1609	3
1610	8
1611	5
1612	7
1613	5
1614	6
1615	4
1616	4
1617	6
1618	8
1619	6
1620	7
1621	2
1622	7
1623	2
1624	4
1625	4
1626	2
1627	6
1628	7
1629	3
1630	5
1631	7
1632	1
1633	1
1634	6
1635	7
1636	7
1637	2
1638	10
1639	7
1640	4
1641	7
1642	3
1643	3
1644	7
1645	4
1646	9
1647	11
1648	3
1649	7
1650	2
1651	4
1652	11
1653	6
1654	7
1655	6
1656	5
1657	3
1658	5
1659	9
1660	8
1661	9
1662	4
1663	2
1664	2
1665	5
1666	5
1667	8
1668	5
1669	3
1670	9
1671	3
1672	6
1673	7
1674	4
1675	7
1676	7
1677	5
1678	13
1679	4
1680	5
1681	3
1682	6
1683	10
1684	5
1685	1
1686	4
1687	8
1688	7
1689	5
1690	3
1691	6
1692	4
1693	4
1694	5
1695	6
1696	0
1697	3
1698	6
1699	4
1700	8
1701	0
1702	5
1703	6
1704	5
1705	8
1706	3
1707	5
1708	10
1709	9
1710	3
1711	6
1712	7
1713	4
1714	4
1715	4
1716	5
1717	6
1718	5
1719	6
1720	8
1721	5
1722	4
1723	4
1724	3
1725	8
1726	5
1727	7
1728	1
1729	6
1730	5
1731	1
1732	11
1733	5
1734	7
1735	2
1736	6
1737	6
1738	2
1739	8
1740	9
1741	5
1742	9
1743	2
1744	8
1745	5
1746	10
1747	2
1748	8
1749	1
1750	9
1751	5
1752	7
1753	4
1754	8
1755	9
1756	9
1757	2
1758	6
1759	9
1760	5
1761	2
1762	4
1763	6
1764	11
1765	5
1766	3
1767	4
1768	6
1769	5
1770	6
1771	8
1772	11
1773	5
1774	4
1775	2
1776	11
1777	3
1778	8
1779	4
1780	6
1781	4
1782	11
1783	8
1784	3
1785	6
1786	5
1787	14
1788	4
1789	3
1790	9
1791	3
1792	2
1793	6
1794	4
1795	3
1796	9
1797	6
1798	12
1799	5
1800	13
1801	6
1802	2
1803	4
1804	9
1805	7
1806	4
1807	6
1808	4
1809	8
1810	8
1811	11
1812	7
1813	5
1814	7
1815	1
1816	7
1817	11
1818	10
1819	8
1820	6
1821	8
1822	7
1823	4
1824	6
1825	4
1826	8
1827	7
1828	10
1829	7
1830	11
1831	8
1832	9
1833	8
1834	6
1835	10
1836	8
1837	5
1838	8
1839	7
1840	9
1841	11
1842	10
1843	17
1844	12
1845	5
1846	8
1847	15
1848	10
1849	10
1850	3
1851	6
1852	11
1853	12
1854	11
1855	9
1856	6
1857	16
1858	10
1859	14
1860	14
1861	9
1862	8
1863	7
1864	13
1865	9
1866	15
1867	10
1868	16
1869	6
1870	14
1871	13
1872	15
1873	5
1874	18
1875	15
1876	17
1877	10
1878	12
1879	7
1880	9
1881	13
1882	11
1883	20
1884	13
1885	19
1886	29
1887	10
1888	17
1889	13
1890	22
1891	12
1892	26
1893	11
1894	22
1895	15
1896	15
1897	18
1898	11
1899	16
1900	16
1901	16
1902	19
1903	20
1904	18
1905	21
1906	30
1907	34
1908	29
1909	19
1910	34
1911	28
1912	18
1913	33
1914	23
1915	33
1916	29
1917	23
1918	30
1919	31
1920	25
1921	30
1922	24
1923	30
1924	36
1925	29
1926	30
1927	19
1928	30
1929	44
1930	25
1931	27
1932	47
1933	36
1934	33
1935	21
1936	40
1937	33
1938	32
1939	41
1940	37
1941	27
1942	29
1943	14
1944	40
1945	35
1946	29
1947	23
1948	22
1949	20
1950	29
1951	17
1952	27
1953	30
1954	27
1955	19
1956	36
1957	27
1958	32
1959	11
1960	19
1961	28
1962	22
1963	10
1964	28
1965	11
1966	26
1967	14
1968	17
1969	13
1970	16
1971	21
1972	17
1973	18
1974	18
1975	16
1976	12
1977	18
1978	15
1979	14
1980	15
1981	19
1982	17
1983	11
1984	16
1985	15
1986	19
1987	9
1988	15
1989	8
1990	11
1991	5
1992	16
1993	12
1994	11
1995	12
1996	11
1997	11
1998	11
1999	10
2000	13
2001	13
2002	10
2003	11
2004	11
2005	7
2006	14
2007	7
2008	10
2009	13
2010	14
2011	6
2012	11
2013	16
2014	11
2015	13
2016	12
2017	14
2018	12
2019	14
2020	14
2021	13
2022	9
2023	11
2024	15
2025	14
2026	9
2027	7
2028	18
2029	12
2030	8
2031	6
2032	14
2033	13
2034	10
2035	16
2036	19
2037	3
2038	13
2039	8
2040	13
2041	9
2042	12
2043	12
2044	7
2045	9
2046	7
2047	7
2048	7
2049	10
2050	11
2051	9
2052	10
2053	12
2054	7
2055	13
2056	5
2057	7
2058	8
2059	11
2060	5
2061	15
2062	9
2063	4
2064	4
2065	7
2066	8
2067	6
2068	7
2069	8
2070	9
2071	12
2072	5
2073	7
2074	7
2075	9
2076	5
2077	6
2078	8
2079	6
2080	3
2081	2
2082	7
2083	4
2084	7
2085	3
2086	6
2087	3
2088	11
2089	5
2090	4
2091	5
2092	8
2093	4
2094	7
2095	6
2096	6
2097	6
2098	10
2099	9
2100	5
2101	7
2102	3
2103	9
2104	5
2105	4
2106	1
2107	10
2108	5
2109	7
2110	6
2111	6
2112	2
2113	6
2114	7
2115	9
2116	7
2117	9
2118	11
2119	3
2120	8
2121	7
2122	7
2123	7
2124	4
2125	14
2126	9
2127	9
2128	7
2129	2
2130	3
2131	15
2132	4
2133	5
2134	12
2135	5
2136	6
2137	9
2138	7
2139	7
2140	5
2141	8
2142	5
2143	8
2144	3
2145	12
2146	4
2147	14
2148	8
2149	5
2150	14
2151	10
2152	11
2153	11
2154	9
2155	10
2156	12
2157	5
2158	7
2159	16
2160	7
2161	13
2162	8
2163	11
2164	7
2165	5
2166	8
2167	7
2168	3
2169	13
2170	7
2171	18
2172	6
2173	5
2174	9
2175	12
2176	6
2177	6
2178	9
2179	19
2180	5
2181	8
2182	9
2183	13
2184	4
2185	11
2186	6
2187	11
2188	8
2189	6
2190	4
2191	7
2192	10
2193	4
2194	10
2195	4
2196	8
2197	10
2198	5
2199	6
2200	8
2201	9
2202	12
2203	7
2204	5
2205	11
2206	6
2207	4
2208	5
2209	7
2210	9
2211	12
2212	5
2213	6
2214	6
2215	3
2216	4
2217	5
2218	0
2219	8
2220	3
2221	8
2222	8
2223	7
2224	4
2225	5
2226	9
2227	9
2228	6
2229	7
2230	6
2231	5
2232	6
2233	1
2234	5
2235	2
2236	8
2237	5
2238	9
2239	5
2240	2
2241	6
2242	4
2243	7
2244	8
2245	7
2246	7
2247	4
2248	3
2249	4
2250	4
2251	2
2252	7
2253	11
2254	1
2255	2
2256	3
2257	5
2258	5
2259	3
2260	7
2261	4
2262	5
2263	10
2264	3
2265	6
2266	2
2267	2
2268	4
2269	3
2270	5
2271	6
2272	5
2273	8
2274	6
2275	5
2276	5
2277	4
2278	6
2279	1
2280	4
2281	3
2282	3
2283	6
2284	5
2285	1
2286	5
2287	8
2288	0
2289	5
2290	4
2291	7
2292	7
2293	5
2294	8
2295	2
2296	3
2297	9
2298	6
2299	7
2300	2
2301	4
2302	3
2303	2
2304	6
2305	5
2306	6
2307	8
2308	4
2309	3
2310	3
2311	6
2312	4
2313	4
2314	4
2315	4
2316	4
2317	1
2318	3
2319	6
2320	5
2321	0
2322	5
2323	8
2324	1
2325	5
2326	2
2327	7
2328	2
2329	6
2330	4
2331	6
2332	2
2333	4
2334	4
2335	8
2336	4
2337	4
2338	2
2339	3
2340	1
2341	3
2342	2
2343	4
2344	2
2345	5
2346	2
2347	3
2348	8
2349	5
2350	3
2351	6
2352	5
2353	3
2354	3
2355	3
2356	3
2357	2
2358	1
2359	3
2360	4
2361	3
2362	5
2363	1
2364	4
2365	0
2366	2
2367	4
2368	5
2369	2
2370	3
2371	6
2372	6
2373	2
2374	3
2375	0
2376	3
2377	4
2378	2
2379	4
2380	8
2381	2
2382	4
2383	4
2384	1
2385	3
2386	2
2387	7
2388	7
2389	3
2390	3
2391	3
2392	2
2393	5
2394	2
2395	3
2396	5
2397	3
2398	7
2399	3
2400	6
2401	1
2402	2
2403	1
2404	12
2405	0
2406	3
2407	2
2408	5
2409	3
2410	2
2411	1
2412	6
2413	3
2414	1
2415	3
2416	4
2417	3
2418	5
2419	3
2420	7
2421	4
2422	3
2423	4
2424	1
2425	4
2426	3
2427	1
2428	3
2429	1
2430	2
2431	2
2432	2
2433	2
2434	3
2435	2
2436	2
2437	1
2438	7
2439	1
2440	4
2441	3
2442	2
2443	7
2444	3
2445	6
2446	2
2447	2
2448	3
2449	3
2450	2
2451	8
2452	3
2453	3
2454	5
2455	1
2456	4
2457	6
2458	4
2459	2
2460	4
2461	1
2462	1
2463	6
2464	4
2465	2
2466	4
2467	3
2468	3
2469	1
2470	5
2471	2
2472	2
2473	5
2474	4
2475	2
2476	2
2477	3
2478	1
2479	2
2480	6
2481	4
2482	4
2483	2
2484	4
2485	3
2486	6
2487	5
2488	2
2489	5
2490	1
2491	3
2492	4
2493	2
2494	2
2495	3
2496	3
2497	3
2498	3
2499	2
2500	4
2501	6
2502	2
2503	3
2504	1
2505	4
2506	1
2507	4
2508	2
2509	4
2510	2
2511	2
2512	1
2513	1
2514	4
2515	3
2516	7
2517	1
2518	12
2519	7
2520	7
2521	5
2522	2
2523	4
2524	2
2525	0
2526	5
2527	2
2528	2
2529	5
2530	1
2531	1
2532	5
2533	4
2534	4
2535	3
2536	2
2537	7
2538	2
2539	4
2540	7
2541	1
2542	1
2543	2
2544	2
2545	0
2546	0
2547	4
2548	3
2549	3
2550	5
2551	1
2552	4
2553	4
2554	0
2555	6
2556	7
2557	4
2558	3
2559	6
2560	0
2561	2
2562	7
2563	2
2564	3
2565	4
2566	5
2567	3
2568	2
2569	9
2570	3
2571	4
2572	5
2573	7
2574	5
2575	4
2576	5
2577	4
2578	4
2579	7
2580	4
2581	4
2582	10
2583	4
2584	5
2585	6
2586	2
2587	6
2588	4
2589	1
2590	9
2591	6
2592	2
2593	4
2594	8
2595	4
2596	3
2597	3
2598	5
2599	5
2600	5
2601	3
2602	4
2603	5
2604	4
2605	6
2606	10
2607	6
2608	4
2609	6
2610	14
2611	4
2612	4
2613	6
2614	8
2615	6
2616	3
2617	4
2618	4
2619	7
2620	2
2621	6
2622	4
2623	6
2624	5
2625	8
2626	9
2627	7
2628	4
2629	4
2630	2
2631	4
2632	5
2633	3
2634	5
2635	4
2636	2
2637	5
2638	4
2639	5
2640	4
2641	1
2642	8
2643	6
2644	1
2645	2
2646	7
2647	4
2648	3
2649	4
2650	3
2651	3
2652	1
2653	1
2654	3
2655	7
2656	3
2657	3
2658	3
2659	4
2660	3
2661	0
2662	4
2663	7
2664	2
2665	4
2666	2
2667	1
2668	5
2669	7
2670	2
2671	3
2672	7
2673	3
2674	3
2675	2
2676	4
2677	5
2678	1
2679	4
2680	2
2681	1
2682	3
2683	4
2684	7
2685	3
2686	2
2687	6
2688	1
2689	1
2690	3
2691	5
2692	5
2693	1
2694	4
2695	1
2696	1
2697	2
2698	4
2699	1
2700	6
2701	2
2702	4
2703	1
2704	5
2705	3
2706	2
2707	3
2708	5
2709	1
2710	4
2711	2
2712	1
2713	3
2714	6
2715	4
2716	3
2717	2
2718	3
2719	1
2720	2
2721	3
2722	3
2723	4
2724	2
2725	2
2726	4
2727	2
2728	3
2729	6
2730	2
2731	2
2732	4
2733	3
2734	3
2735	1
2736	1
2737	5
2738	4
2739	7
2740	5
2741	1
2742	2
2743	2
2744	1
2745	3
2746	6
2747	3
2748	2
2749	3
2750	2
2751	2
2752	3
2753	2
2754	2
2755	2
2756	2
2757	2
2758	4
2759	2
2760	4
2761	4
2762	2
2763	3
2764	7
2765	3
2766	4
2767	4
2768	1
2769	5
2770	4
2771	3
2772	2
2773	2
2774	3
2775	2
2776	4
2777	5
2778	1
2779	4
2780	2
2781	2
2782	3
2783	4
2784	1
2785	5
2786	1
2787	3
2788	5
2789	1
2790	3
2791	1
2792	1
2793	2
2794	2
2795	6
2796	7
2797	0
2798	2
2799	4
2800	2
2801	2
2802	3
2803	2
2804	3
2805	1
2806	2
2807	0
2808	0
2809	3
2810	2
2811	3
2812	5
2813	4
2814	0
2815	0
2816	3
2817	2
2818	1
2819	3
2820	3
2821	4
2822	4
2823	2
2824	2
2825	1
2826	4
2827	4
2828	1
2829	3
2830	6
2831	3
2832	3
2833	2
2834	8
2835	7
2836	3
2837	5
2838	2
2839	1
2840	4
2841	4
2842	3
2843	5
2844	0
2845	4
2846	2
2847	1
2848	2
2849	3
2850	1
2851	3
2852	4
2853	1
2854	4
2855	1
2856	2
2857	2
2858	2
2859	4
2860	3
2861	3
2862	7
2863	3
2864	0
2865	2
2866	5
2867	1
2868	4
2869	2
2870	3
2871	2
2872	3
2873	5
2874	2
2875	6
2876	0
2877	2
2878	3
2879	2
2880	1
2881	1
2882	3
2883	0
2884	5
2885	3
2886	1
2887	2
2888	2
2889	2
2890	3
2891	3
2892	4
2893	2
2894	1
2895	0
2896	5
2897	2
2898	3
2899	5
2900	2
2901	0
2902	6
2903	1
2904	3
2905	2
2906	4
2907	2
2908	0
2909	7
2910	3
2911	2
2912	8
2913	2
2914	1
2915	4
2916	2
2917	1
2918	7
2919	2
2920	0
2921	1
2922	1
2923	3
2924	3
2925	8
2926	3
2927	2
2928	4
2929	3
2930	5
2931	2
2932	3
2933	0
2934	4
2935	2
2936	2
2937	5
2938	3
2939	2
2940	4
2941	4
2942	1
2943	2
2944	2
2945	4
2946	4
2947	3
2948	8
2949	3
2950	3
2951	5
2952	3
2953	4
2954	3
2955	2
2956	6
2957	6
2958	1
2959	3
2960	4
2961	3
2962	2
2963	6
2964	1
2965	1
2966	5
2967	2
2968	3
2969	5
2970	1
2971	3
2972	3
2973	7
2974	2
2975	2
2976	2
2977	4
2978	2
2979	1
2980	4
2981	5
2982	6
2983	2
2984	3
2985	5
2986	4
2987	1
2988	2
2989	4
2990	4
2991	2
2992	5
2993	1
2994	3
2995	3
2996	5
2997	3
2998	1
2999	1
3000	2
3001	0
3002	2
3003	4
3004	2
3005	0
3006	2
3007	2
3008	8
3009	2
3010	6
3011	1
3012	4
3013	5
3014	5
3015	1
3016	3
3017	4
3018	5
3019	2
3020	4
3021	1
3022	1
3023	1
3024	4
3025	1
3026	3
3027	3
3028	1
3029	1
3030	3
3031	1
3032	2
3033	5
3034	2
3035	5
3036	4
3037	2
3038	3
3039	3
3040	3
3041	2
3042	4
3043	2
3044	5
3045	1
3046	4
3047	3
3048	3
3049	5
3050	3
3051	3
3052	2
3053	1
3054	1
3055	2
3056	4
3057	0
3058	3
3059	3
3060	4
3061	1
3062	2
3063	0
3064	2
3065	2
3066	6
3067	1
3068	3
3069	0
3070	1
3071	3
3072	0
3073	5
3074	5
3075	1
3076	0
3077	2
3078	8
3079	3
3080	2
3081	5
3082	4
3083	2
3084	3
3085	5
3086	2
3087	1
3088	2
3089	3
3090	1
3091	3
3092	0
3093	1
3094	3
3095	3
3096	3
3097	4
3098	1
3099	3
3100	3
3101	2
3102	2
3103	3
3104	3
3105	3
3106	3
3107	5
3108	5
3109	1
3110	1
3111	2
3112	1
3113	4
3114	2
3115	3
3116	1
3117	1
3118	1
3119	1
3120	3
3121	3
3122	7
3123	3
3124	4
3125	0
3126	3
3127	3
3128	3
3129	2
3130	2
3131	1
3132	1
3133	2
3134	1
3135	1
3136	2
3137	3
3138	0
3139	1
3140	3
3141	0
3142	1
3143	0
3144	1
3145	1
3146	0
3147	3
3148	2
3149	4
3150	2
3151	2
3152	0
3153	0
3154	2
3155	4
3156	3
3157	1
3158	0
3159	1
3160	3
3161	1
3162	0
3163	2
3164	2
3165	2
3166	2
3167	2
3168	2
3169	1
3170	2
3171	2
3172	5
3173	1
3174	2
3175	0
3176	2
3177	2
3178	2
3179	1
3180	1
3181	2
3182	1
3183	2
3184	2
3185	1
3186	2
3187	4
3188	4
3189	1
3190	1
3191	2
3192	1
3193	2
3194	1
3195	2
3196	1
3197	1
3198	2
3199	1
3200	3
3201	0
3202	1
3203	1
3204	7
3205	2
3206	5
3207	1
3208	1
3209	0
3210	3
3211	1
3212	3
3213	1
3214	4
3215	0
3216	2
3217	1
3218	2
3219	2
3220	2
3221	2
3222	0
3223	1
3224	3
3225	1
3226	1
3227	2
3228	1
3229	1
3230	1
3231	3
3232	1
3233	2
3234	3
3235	1
3236	2
3237	1
3238	1
3239	0
3240	0
3241	3
3242	2
3243	0
3244	5
3245	2
3246	6
3247	2
3248	0
3249	3
3250	1
3251	2
3252	2
3253	2
3254	1
3255	2
3256	2
3257	1
3258	0
3259	0
3260	1
3261	2
3262	0
3263	0
3264	2
3265	1
3266	1
3267	1
3268	2
3269	1
3270	1
3271	2
3272	1
3273	1
3274	0
3275	1
3276	4
3277	3
3278	2
3279	3
3280	1
3281	1
3282	1
3283	1
3284	1
3285	1
3286	4
3287	0
3288	2
3289	3
3290	1
3291	0
3292	2
3293	4
3294	3
3295	2
3296	0
3297	1
3298	1
3299	2
3300	2
3301	5
3302	1
3303	2
3304	2
3305	2
3306	2
3307	0
3308	2
3309	1
3310	3
3311	1
3312	4
3313	0
3314	0
3315	2
3316	2
3317	0
3318	2
3319	1
3320	2
3321	1
3322	1
3323	2
3324	2
3325	0
3326	1
3327	1
3328	1
3329	4
3330	2
3331	0
3332	4
3333	1
3334	1
3335	0
3336	0
3337	2
3338	0
3339	0
3340	5
3341	4
3342	1
3343	0
3344	2
3345	2
3346	2
3347	0
3348	2
3349	2
3350	1
3351	2
3352	3
3353	3
3354	2
3355	3
3356	3
3357	0
3358	0
3359	0
3360	2
3361	0
3362	0
3363	2
3364	1
3365	0
3366	1
3367	3
3368	2
3369	2
3370	3
3371	1
3372	0
3373	0
3374	2
3375	0
3376	2
3377	2
3378	1
3379	1
3380	2
3381	1
3382	1
3383	1
3384	1
3385	0
3386	2
3387	5
3388	0
3389	0
3390	1
3391	2
3392	0
3393	1
3394	1
3395	1
3396	0
3397	1
3398	1
3399	2
3400	1
3401	1
3402	3
3403	2
3404	1
3405	1
3406	2
3407	1
3408	2
3409	0
3410	3
3411	2
3412	2
3413	0
3414	1
3415	0
3416	2
3417	1
3418	2
3419	1
3420	1
3421	0
3422	1
3423	0
3424	2
3425	1
3426	1
3427	2
3428	3
3429	1
3430	2
3431	1
3432	1
3433	1
3434	5
3435	1
3436	3
3437	1
3438	1
3439	0
3440	1
3441	1
3442	1
3443	1
3444	0
3445	1
3446	2
3447	4
3448	1
3449	1
3450	1
3451	2
3452	0
3453	1
3454	4
3455	0
3456	1
3457	0
3458	0
3459	0
3460	0
3461	0
3462	1
3463	0
3464	0
3465	2
3466	0
3467	0
3468	2
3469	1
3470	1
3471	0
3472	0
3473	1
3474	3
3475	2
3476	1
3477	1
3478	3
3479	2
3480	1
3481	1
3482	0
3483	1
3484	1
3485	0
3486	0
3487	2
3488	0
3489	0
3490	1
3491	2
3492	2
3493	1
3494	1
3495	1
3496	1
3497	2
3498	0
3499	0
3500	0
3501	1
3502	0
3503	0
3504	1
3505	1
3506	1
3507	0
3508	2
3509	0
3510	2
3511	1
3512	1
3513	0
3514	1
3515	2
3516	1
3517	1
3518	0
3519	2
3520	0
3521	0
3522	1
3523	4
3524	1
3525	1
3526	0
3527	0
3528	0
3529	2
3530	0
3531	0
3532	1
3533	2
3534	0
3535	2
3536	1
3537	0
3538	0
3539	1
3540	1
3541	1
3542	2
3543	0
3544	2
3545	0
3546	2
3547	2
3548	0
3549	0
3550	1
3551	0
3552	3
3553	2
3554	1
3555	1
3556	1
3557	0
3558	1
3559	0
3560	1
3561	2
3562	0
3563	0
3564	0
3565	0
3566	1
3567	0
3568	0
3569	1
3570	2
3571	3
3572	0
3573	0
3574	2
3575	0
3576	0
3577	2
3578	0
3579	0
3580	0
3581	0
3582	0
3583	0
3584	1
3585	2
3586	1
3587	1
3588	0
3589	1
3590	0
3591	0
3592	0
3593	0
3594	1
3595	0
3596	0
3597	0
3598	2
3599	0
3600	0
3601	0
3602	1
3603	0
3604	0
3605	0
3606	3
3607	0
3608	0
3609	0
3610	0
3611	0
3612	2
3613	1
3614	0
3615	0
3616	1
3617	1
3618	0
3619	1
3620	0
3621	1
3622	2
3623	1
3624	1
3625	1
3626	0
3627	3
3628	1
3629	1
3630	1
3631	0
3632	0
3633	0
3634	0
3635	1
3636	0
3637	1
3638	0
3639	1
3640	1
3641	1
3642	1
3643	0
3644	0
3645	1
3646	0
3647	0
3648	0
3649	2
3650	0
3651	0
3652	1
3653	0
3654	0
3655	0
3656	0
3657	0
3658	1
3659	0
3660	0
3661	0
3662	2
3663	0
3664	0
3665	1
3666	0
3667	0
3668	0
3669	0
3670	0
3671	0
3672	0
3673	0
3674	0
3675	0
3676	0
3677	1
3678	0
3679	0
3680	1
3681	2
3682	0
3683	0
3684	2
3685	0
3686	2
3687	1
3688	0
3689	0
3690	0
3691	1
3692	0
3693	1
3694	1
3695	0
3696	0
3697	0
3698	1
3699	0
3700	1
3701	1
3702	0
3703	0
3704	0
3705	0
3706	0
3707	0
3708	1
3709	0
3710	0
3711	0
3712	0
3713	0
3714	0
3715	0
3716	0
3717	0
3718	0
3719	0
3720	0
3721	0
3722	0
3723	1
3724	1
3725	0
3726	0
3727	0
3728	0
3729	0
3730	1
3731	0
3732	0
3733	0
3734	1
3735	0
3736	1
3737	0
3738	0
3739	0
3740	0
3741	0
3742	0
3743	1
3744	2
3745	0
3746	0
3747	0
3748	0
3749	0
3750	2
3751	0
3752	0
3753	0
3754	0
3755	1
3756	1
3757	0
3758	1
3759	0
3760	0
3761	1
3762	0
3763	0
3764	0
3765	0
3766	0
3767	0
3768	1
3769	0
3770	0
3771	0
3772	0
3773	0
3774	0
3775	0
3776	0
3777	0
3778	0
3779	0
3780	0
3781	0
3782	0
3783	0
3784	1
3785	0
3786	1
3787	0
3788	1
3789	0
3790	0
3791	0
3792	0
3793	0
3794	0
3795	0
3796	0
3797	0
3798	0
3799	0
3800	0
3801	1
3802	0
3803	0
3804	0
3805	0
3806	0
3807	0
3808	0
3809	0
3810	0
3811	0
3812	0
3813	0
3814	0
3815	1
3816	0
3817	0
3818	0
3819	0
3820	0
3821	0
3822	1
3823	0
3824	0
3825	0
3826	0
3827	0
3828	0
3829	0
3830	0
3831	1
3832	0
3833	0
3834	0
3835	0
3836	0
3837	1
3838	0
3839	0
3840	0
3841	0
3842	0
3843	0
3844	0
3845	0
3846	0
3847	0
3848	0
3849	0
3850	0
3851	0
3852	0
3853	0
3854	0
3855	0
3856	0
3857	0
3858	0
3859	0
3860	0
3861	0
3862	0
3863	0
3864	0
3865	0
3866	0
3867	0
3868	0
3869	0
3870	0
3871	0
3872	1
3873	0
3874	0
3875	0
3876	0
3877	1
3878	0
3879	0
3880	0
3881	0
3882	0
3883	0
3884	0
3885	0
3886	0
3887	0
3888	0
3889	0
3890	0
3891	0
3892	0
3893	0
3894	0
3895	0
3896	0
3897	0
3898	0
3899	0
3900	0
3901	0
3902	0
3903	0
3904	0
3905	0
3906	0
3907	0
3908	0
3909	0
3910	0
3911	0
3912	0
3913	0
3914	0
3915	0
3916	0
3917	0
3918	0
3919	0
3920	0
3921	0
3922	0
3923	0
3924	0
3925	0
3926	0
3927	0
3928	0
3929	0
3930	0
3931	0
3932	0
3933	0
3934	0
3935	0
3936	0
3937	0
3938	0
3939	0
3940	0
3941	0
3942	0
3943	0
3944	0
3945	0
3946	0
3947	0
3948	0
3949	0
3950	0
3951	0
3952	0
3953	0
3954	0
3955	0
3956	0
3957	0
3958	0
3959	0
3960	0
3961	0
3962	0
3963	0
3964	0
3965	0
3966	0
3967	0
3968	0
3969	0
3970	0
3971	0
3972	0
3973	0
3974	0
3975	0
3976	0
3977	0
3978	0
3979	0
3980	0
3981	0
3982	0
3983	0
3984	0
3985	0
3986	0
3987	0
3988	0
3989	1
3990	0
3991	0
3992	0
3993	0
3994	0
3995	0
3996	0
3997	0
3998	0
3999	0
4000	0
