Channel number	Impulses
Channel/#	Impulses/#

0	0
1	0
2	0
3	0
4	0
5	0
6	0
7	0
8	0
9	0
10	0
11	0
12	0
13	0
14	0
15	0
16	0
17	0
18	0
19	0
20	0
21	0
22	0
23	0
24	0
25	0
26	0
27	0
28	0
29	0
30	0
31	0
32	0
33	0
34	0
35	0
36	0
37	0
38	0
39	0
40	0
41	0
42	0
43	0
44	0
45	0
46	0
47	0
48	0
49	0
50	0
51	2
52	1
53	1
54	1
55	6
56	8
57	6
58	6
59	9
60	2
61	9
62	7
63	13
64	1
65	3
66	6
67	8
68	3
69	3
70	9
71	6
72	3
73	12
74	6
75	8
76	7
77	5
78	3
79	9
80	9
81	8
82	5
83	4
84	5
85	8
86	4
87	3
88	7
89	6
90	4
91	4
92	6
93	6
94	12
95	9
96	7
97	5
98	5
99	10
100	4
101	6
102	4
103	7
104	5
105	6
106	7
107	6
108	4
109	7
110	7
111	6
112	3
113	3
114	5
115	6
116	9
117	7
118	2
119	6
120	8
121	6
122	8
123	2
124	4
125	7
126	8
127	11
128	4
129	3
130	1
131	7
132	6
133	4
134	4
135	4
136	3
137	8
138	7
139	7
140	8
141	6
142	4
143	4
144	3
145	5
146	5
147	2
148	7
149	4
150	2
151	4
152	4
153	4
154	3
155	7
156	6
157	5
158	6
159	6
160	4
161	4
162	3
163	1
164	7
165	1
166	7
167	6
168	6
169	3
170	5
171	10
172	4
173	6
174	2
175	2
176	5
177	4
178	4
179	5
180	5
181	2
182	7
183	4
184	7
185	2
186	3
187	4
188	2
189	2
190	5
191	2
192	1
193	0
194	4
195	1
196	7
197	3
198	4
199	0
200	7
201	2
202	5
203	4
204	4
205	2
206	2
207	5
208	8
209	1
210	2
211	2
212	5
213	2
214	6
215	2
216	6
217	4
218	1
219	2
220	6
221	3
222	3
223	5
224	2
225	3
226	3
227	1
228	4
229	2
230	3
231	4
232	2
233	2
234	1
235	3
236	1
237	2
238	6
239	3
240	5
241	2
242	1
243	2
244	4
245	1
246	4
247	5
248	4
249	3
250	5
251	3
252	1
253	2
254	2
255	4
256	0
257	5
258	3
259	3
260	5
261	0
262	2
263	2
264	2
265	3
266	3
267	4
268	4
269	5
270	3
271	2
272	2
273	3
274	5
275	5
276	2
277	0
278	0
279	3
280	4
281	1
282	6
283	2
284	4
285	2
286	3
287	2
288	1
289	5
290	2
291	2
292	2
293	4
294	4
295	3
296	3
297	1
298	3
299	3
300	4
301	2
302	3
303	5
304	4
305	0
306	0
307	3
308	2
309	2
310	1
311	6
312	3
313	1
314	2
315	3
316	3
317	2
318	2
319	2
320	2
321	4
322	3
323	3
324	4
325	2
326	3
327	0
328	1
329	3
330	0
331	3
332	6
333	4
334	2
335	3
336	1
337	2
338	3
339	3
340	0
341	2
342	4
343	1
344	2
345	5
346	2
347	5
348	6
349	2
350	1
351	1
352	0
353	3
354	3
355	1
356	2
357	1
358	3
359	4
360	1
361	1
362	1
363	5
364	1
365	2
366	1
367	2
368	2
369	4
370	4
371	2
372	2
373	0
374	4
375	3
376	1
377	5
378	4
379	1
380	1
381	2
382	1
383	3
384	2
385	1
386	3
387	2
388	2
389	2
390	5
391	3
392	0
393	2
394	1
395	0
396	3
397	3
398	2
399	1
400	1
401	1
402	2
403	1
404	2
405	1
406	2
407	2
408	2
409	3
410	0
411	1
412	8
413	4
414	3
415	2
416	0
417	0
418	3
419	1
420	3
421	2
422	3
423	2
424	0
425	4
426	0
427	3
428	0
429	0
430	2
431	1
432	5
433	2
434	1
435	3
436	2
437	4
438	1
439	1
440	0
441	3
442	1
443	3
444	2
445	3
446	1
447	2
448	1
449	3
450	1
451	4
452	5
453	1
454	2
455	2
456	4
457	3
458	3
459	1
460	3
461	2
462	5
463	1
464	2
465	1
466	1
467	2
468	0
469	0
470	2
471	2
472	5
473	0
474	3
475	1
476	2
477	0
478	0
479	1
480	3
481	1
482	1
483	3
484	3
485	1
486	1
487	3
488	1
489	3
490	3
491	0
492	1
493	2
494	2
495	1
496	0
497	1
498	0
499	3
500	1
501	1
502	4
503	0
504	5
505	2
506	2
507	1
508	2
509	1
510	4
511	6
512	0
513	1
514	1
515	3
516	1
517	0
518	4
519	1
520	2
521	1
522	2
523	1
524	0
525	4
526	3
527	2
528	3
529	5
530	3
531	3
532	3
533	0
534	2
535	0
536	2
537	1
538	0
539	3
540	1
541	2
542	3
543	1
544	0
545	0
546	4
547	2
548	3
549	3
550	3
551	2
552	1
553	1
554	1
555	3
556	2
557	4
558	2
559	4
560	0
561	1
562	3
563	2
564	0
565	2
566	2
567	2
568	0
569	3
570	3
571	3
572	2
573	1
574	1
575	3
576	1
577	1
578	3
579	2
580	4
581	2
582	3
583	1
584	2
585	4
586	0
587	2
588	0
589	4
590	0
591	2
592	2
593	1
594	5
595	0
596	2
597	2
598	0
599	2
600	0
601	1
602	1
603	0
604	1
605	2
606	2
607	1
608	0
609	2
610	2
611	0
612	5
613	2
614	4
615	3
616	2
617	3
618	1
619	0
620	2
621	1
622	0
623	1
624	1
625	4
626	2
627	5
628	1
629	2
630	0
631	3
632	3
633	5
634	1
635	3
636	2
637	0
638	0
639	3
640	2
641	8
642	3
643	2
644	2
645	0
646	0
647	2
648	1
649	3
650	2
651	2
652	4
653	1
654	0
655	1
656	0
657	1
658	2
659	2
660	1
661	0
662	1
663	3
664	1
665	2
666	0
667	2
668	2
669	2
670	0
671	3
672	1
673	1
674	2
675	0
676	1
677	1
678	2
679	1
680	2
681	1
682	3
683	1
684	1
685	1
686	2
687	1
688	3
689	1
690	0
691	5
692	3
693	1
694	3
695	2
696	0
697	0
698	2
699	2
700	1
701	0
702	2
703	6
704	0
705	1
706	4
707	0
708	1
709	1
710	2
711	1
712	3
713	0
714	1
715	2
716	1
717	1
718	2
719	2
720	0
721	0
722	2
723	3
724	1
725	2
726	3
727	1
728	3
729	3
730	3
731	3
732	3
733	1
734	2
735	4
736	3
737	0
738	3
739	0
740	1
741	2
742	6
743	3
744	3
745	3
746	0
747	3
748	2
749	0
750	2
751	0
752	0
753	1
754	2
755	1
756	1
757	0
758	3
759	3
760	1
761	2
762	0
763	2
764	4
765	1
766	4
767	0
768	2
769	1
770	5
771	2
772	3
773	3
774	2
775	2
776	1
777	4
778	4
779	1
780	2
781	3
782	5
783	1
784	5
785	0
786	3
787	3
788	2
789	5
790	6
791	1
792	2
793	5
794	8
795	1
796	4
797	2
798	2
799	3
800	2
801	2
802	2
803	2
804	2
805	3
806	4
807	4
808	3
809	2
810	4
811	5
812	6
813	1
814	5
815	1
816	2
817	2
818	3
819	4
820	4
821	4
822	1
823	2
824	4
825	5
826	3
827	1
828	6
829	1
830	2
831	4
832	3
833	3
834	4
835	1
836	3
837	2
838	2
839	0
840	4
841	4
842	3
843	2
844	3
845	4
846	2
847	4
848	3
849	1
850	7
851	6
852	8
853	2
854	7
855	2
856	6
857	1
858	4
859	12
860	5
861	7
862	6
863	9
864	2
865	4
866	10
867	1
868	6
869	6
870	6
871	4
872	2
873	10
874	4
875	3
876	7
877	5
878	7
879	7
880	3
881	9
882	3
883	6
884	7
885	3
886	1
887	3
888	9
889	3
890	4
891	6
892	5
893	3
894	5
895	7
896	7
897	7
898	7
899	4
900	4
901	3
902	5
903	3
904	3
905	3
906	6
907	1
908	6
909	5
910	6
911	4
912	4
913	4
914	5
915	3
916	4
917	2
918	5
919	3
920	3
921	5
922	2
923	5
924	5
925	1
926	4
927	5
928	2
929	4
930	3
931	3
932	9
933	3
934	8
935	3
936	2
937	0
938	5
939	4
940	4
941	4
942	3
943	1
944	3
945	1
946	1
947	3
948	2
949	5
950	5
951	4
952	3
953	5
954	5
955	4
956	2
957	2
958	7
959	6
960	7
961	3
962	0
963	2
964	2
965	3
966	7
967	1
968	3
969	1
970	3
971	2
972	4
973	3
974	5
975	5
976	4
977	4
978	2
979	1
980	4
981	4
982	11
983	4
984	5
985	3
986	6
987	5
988	3
989	6
990	6
991	3
992	6
993	0
994	4
995	4
996	5
997	2
998	4
999	9
1000	4
1001	3
1002	3
1003	5
1004	3
1005	3
1006	1
1007	2
1008	2
1009	6
1010	8
1011	4
1012	6
1013	1
1014	6
1015	8
1016	4
1017	3
1018	2
1019	8
1020	1
1021	5
1022	5
1023	5
1024	0
1025	2
1026	7
1027	4
1028	7
1029	3
1030	3
1031	3
1032	6
1033	9
1034	3
1035	4
1036	3
1037	4
1038	2
1039	5
1040	1
1041	4
1042	5
1043	6
1044	1
1045	4
1046	4
1047	3
1048	6
1049	5
1050	3
1051	7
1052	4
1053	6
1054	2
1055	8
1056	3
1057	5
1058	5
1059	3
1060	6
1061	3
1062	8
1063	3
1064	3
1065	6
1066	6
1067	7
1068	6
1069	5
1070	3
1071	3
1072	4
1073	4
1074	6
1075	3
1076	7
1077	8
1078	6
1079	7
1080	7
1081	4
1082	3
1083	7
1084	5
1085	4
1086	3
1087	8
1088	2
1089	4
1090	6
1091	8
1092	5
1093	3
1094	7
1095	4
1096	7
1097	6
1098	4
1099	7
1100	5
1101	5
1102	7
1103	5
1104	3
1105	4
1106	5
1107	6
1108	8
1109	4
1110	3
1111	5
1112	8
1113	9
1114	3
1115	8
1116	3
1117	10
1118	3
1119	4
1120	2
1121	0
1122	4
1123	4
1124	4
1125	5
1126	7
1127	3
1128	4
1129	1
1130	5
1131	5
1132	4
1133	8
1134	3
1135	6
1136	4
1137	8
1138	1
1139	3
1140	5
1141	2
1142	3
1143	4
1144	5
1145	2
1146	8
1147	7
1148	2
1149	2
1150	10
1151	8
1152	5
1153	7
1154	5
1155	3
1156	5
1157	9
1158	5
1159	4
1160	6
1161	11
1162	3
1163	2
1164	7
1165	7
1166	5
1167	3
1168	4
1169	1
1170	5
1171	9
1172	8
1173	10
1174	8
1175	4
1176	6
1177	5
1178	6
1179	8
1180	3
1181	8
1182	3
1183	5
1184	4
1185	3
1186	6
1187	6
1188	4
1189	3
1190	6
1191	6
1192	7
1193	4
1194	5
1195	4
1196	5
1197	6
1198	5
1199	3
1200	6
1201	9
1202	2
1203	7
1204	5
1205	3
1206	5
1207	3
1208	4
1209	8
1210	6
1211	4
1212	6
1213	7
1214	9
1215	5
1216	5
1217	7
1218	6
1219	7
1220	11
1221	6
1222	9
1223	8
1224	5
1225	6
1226	5
1227	5
1228	4
1229	4
1230	12
1231	8
1232	3
1233	4
1234	7
1235	6
1236	8
1237	8
1238	7
1239	7
1240	5
1241	5
1242	1
1243	6
1244	10
1245	4
1246	5
1247	8
1248	9
1249	7
1250	8
1251	6
1252	3
1253	5
1254	13
1255	4
1256	6
1257	5
1258	6
1259	11
1260	6
1261	3
1262	4
1263	2
1264	7
1265	6
1266	8
1267	6
1268	11
1269	10
1270	9
1271	4
1272	9
1273	9
1274	9
1275	8
1276	10
1277	8
1278	9
1279	14
1280	3
1281	4
1282	7
1283	4
1284	6
1285	13
1286	11
1287	7
1288	7
1289	8
1290	7
1291	5
1292	7
1293	7
1294	8
1295	6
1296	8
1297	13
1298	6
1299	8
1300	6
1301	6
1302	6
1303	8
1304	8
1305	9
1306	4
1307	13
1308	7
1309	7
1310	10
1311	15
1312	1
1313	5
1314	15
1315	15
1316	15
1317	3
1318	10
1319	11
1320	9
1321	10
1322	7
1323	4
1324	6
1325	3
1326	6
1327	6
1328	7
1329	11
1330	6
1331	6
1332	10
1333	6
1334	12
1335	10
1336	10
1337	5
1338	10
1339	4
1340	7
1341	8
1342	5
1343	7
1344	7
1345	9
1346	4
1347	4
1348	5
1349	8
1350	7
1351	5
1352	9
1353	12
1354	13
1355	10
1356	6
1357	12
1358	6
1359	7
1360	6
1361	14
1362	10
1363	8
1364	9
1365	6
1366	7
1367	6
1368	4
1369	6
1370	10
1371	7
1372	7
1373	9
1374	11
1375	8
1376	8
1377	4
1378	9
1379	6
1380	7
1381	2
1382	11
1383	6
1384	6
1385	11
1386	6
1387	2
1388	7
1389	6
1390	6
1391	5
1392	5
1393	7
1394	9
1395	8
1396	10
1397	6
1398	12
1399	7
1400	9
1401	8
1402	5
1403	8
1404	12
1405	5
1406	11
1407	10
1408	2
1409	10
1410	7
1411	7
1412	8
1413	11
1414	7
1415	3
1416	8
1417	9
1418	6
1419	9
1420	9
1421	5
1422	13
1423	5
1424	14
1425	4
1426	8
1427	8
1428	12
1429	6
1430	5
1431	10
1432	5
1433	9
1434	9
1435	5
1436	9
1437	8
1438	9
1439	15
1440	11
1441	9
1442	6
1443	10
1444	6
1445	5
1446	8
1447	7
1448	7
1449	9
1450	6
1451	13
1452	6
1453	5
1454	8
1455	8
1456	8
1457	13
1458	10
1459	7
1460	11
1461	11
1462	11
1463	7
1464	8
1465	11
1466	9
1467	9
1468	6
1469	6
1470	9
1471	9
1472	5
1473	7
1474	7
1475	10
1476	9
1477	6
1478	12
1479	4
1480	16
1481	11
1482	7
1483	4
1484	13
1485	11
1486	6
1487	13
1488	7
1489	6
1490	13
1491	12
1492	11
1493	8
1494	13
1495	3
1496	7
1497	13
1498	4
1499	9
1500	13
1501	9
1502	11
1503	5
1504	10
1505	8
1506	3
1507	11
1508	12
1509	8
1510	11
1511	9
1512	17
1513	14
1514	6
1515	7
1516	9
1517	6
1518	9
1519	8
1520	16
1521	8
1522	8
1523	13
1524	12
1525	5
1526	11
1527	10
1528	11
1529	8
1530	9
1531	7
1532	7
1533	11
1534	14
1535	21
1536	5
1537	9
1538	17
1539	11
1540	16
1541	2
1542	15
1543	13
1544	10
1545	16
1546	13
1547	13
1548	13
1549	8
1550	8
1551	9
1552	9
1553	11
1554	10
1555	15
1556	12
1557	6
1558	9
1559	10
1560	11
1561	9
1562	11
1563	10
1564	4
1565	12
1566	10
1567	11
1568	4
1569	9
1570	6
1571	5
1572	18
1573	11
1574	8
1575	18
1576	4
1577	7
1578	14
1579	15
1580	15
1581	10
1582	10
1583	14
1584	7
1585	6
1586	14
1587	11
1588	13
1589	11
1590	10
1591	6
1592	7
1593	15
1594	11
1595	11
1596	12
1597	8
1598	16
1599	9
1600	9
1601	12
1602	13
1603	4
1604	10
1605	9
1606	12
1607	10
1608	13
1609	11
1610	6
1611	9
1612	12
1613	14
1614	5
1615	12
1616	7
1617	8
1618	20
1619	8
1620	13
1621	8
1622	9
1623	12
1624	14
1625	8
1626	6
1627	9
1628	8
1629	11
1630	12
1631	11
1632	13
1633	14
1634	11
1635	9
1636	14
1637	9
1638	14
1639	7
1640	6
1641	14
1642	8
1643	11
1644	14
1645	10
1646	10
1647	10
1648	12
1649	9
1650	6
1651	11
1652	13
1653	10
1654	13
1655	8
1656	8
1657	25
1658	9
1659	6
1660	19
1661	13
1662	11
1663	16
1664	14
1665	11
1666	13
1667	10
1668	13
1669	9
1670	12
1671	10
1672	13
1673	13
1674	13
1675	8
1676	20
1677	17
1678	15
1679	6
1680	10
1681	10
1682	18
1683	17
1684	16
1685	6
1686	15
1687	4
1688	10
1689	13
1690	15
1691	7
1692	14
1693	8
1694	12
1695	10
1696	4
1697	7
1698	14
1699	7
1700	17
1701	10
1702	12
1703	7
1704	12
1705	12
1706	9
1707	5
1708	16
1709	10
1710	22
1711	5
1712	19
1713	16
1714	11
1715	16
1716	12
1717	6
1718	20
1719	9
1720	9
1721	8
1722	10
1723	10
1724	11
1725	12
1726	12
1727	15
1728	14
1729	6
1730	16
1731	15
1732	9
1733	8
1734	13
1735	5
1736	10
1737	13
1738	4
1739	10
1740	14
1741	17
1742	23
1743	10
1744	19
1745	12
1746	8
1747	21
1748	17
1749	11
1750	19
1751	10
1752	16
1753	11
1754	7
1755	9
1756	13
1757	6
1758	17
1759	22
1760	8
1761	14
1762	15
1763	15
1764	29
1765	12
1766	16
1767	9
1768	9
1769	14
1770	5
1771	14
1772	16
1773	13
1774	21
1775	13
1776	10
1777	15
1778	17
1779	13
1780	11
1781	6
1782	13
1783	12
1784	14
1785	20
1786	4
1787	14
1788	15
1789	19
1790	12
1791	25
1792	5
1793	9
1794	15
1795	14
1796	23
1797	10
1798	17
1799	7
1800	12
1801	19
1802	15
1803	11
1804	20
1805	10
1806	14
1807	13
1808	10
1809	15
1810	8
1811	14
1812	15
1813	13
1814	15
1815	8
1816	12
1817	24
1818	22
1819	20
1820	10
1821	12
1822	18
1823	9
1824	15
1825	20
1826	17
1827	17
1828	21
1829	14
1830	20
1831	17
1832	12
1833	13
1834	11
1835	16
1836	10
1837	17
1838	14
1839	12
1840	20
1841	13
1842	17
1843	8
1844	21
1845	11
1846	14
1847	9
1848	13
1849	10
1850	10
1851	12
1852	19
1853	12
1854	11
1855	18
1856	11
1857	12
1858	13
1859	13
1860	8
1861	12
1862	25
1863	8
1864	20
1865	12
1866	11
1867	13
1868	13
1869	18
1870	14
1871	12
1872	7
1873	10
1874	30
1875	21
1876	13
1877	13
1878	31
1879	14
1880	15
1881	17
1882	16
1883	17
1884	16
1885	16
1886	14
1887	13
1888	18
1889	12
1890	19
1891	11
1892	17
1893	12
1894	15
1895	16
1896	9
1897	22
1898	19
1899	9
1900	13
1901	18
1902	13
1903	12
1904	17
1905	12
1906	17
1907	21
1908	21
1909	16
1910	21
1911	15
1912	18
1913	20
1914	9
1915	15
1916	18
1917	15
1918	22
1919	17
1920	13
1921	28
1922	17
1923	15
1924	24
1925	13
1926	25
1927	14
1928	18
1929	19
1930	14
1931	18
1932	34
1933	17
1934	23
1935	20
1936	21
1937	20
1938	19
1939	17
1940	28
1941	18
1942	19
1943	15
1944	19
1945	15
1946	16
1947	21
1948	21
1949	19
1950	24
1951	17
1952	20
1953	27
1954	23
1955	20
1956	36
1957	14
1958	41
1959	19
1960	32
1961	34
1962	20
1963	29
1964	45
1965	38
1966	34
1967	30
1968	40
1969	33
1970	39
1971	43
1972	52
1973	42
1974	42
1975	34
1976	43
1977	52
1978	52
1979	63
1980	45
1981	46
1982	55
1983	59
1984	82
1985	53
1986	65
1987	67
1988	88
1989	62
1990	99
1991	42
1992	88
1993	84
1994	60
1995	76
1996	105
1997	72
1998	93
1999	68
2000	84
2001	89
2002	91
2003	98
2004	108
2005	73
2006	115
2007	55
2008	123
2009	117
2010	84
2011	100
2012	114
2013	118
2014	113
2015	104
2016	98
2017	78
2018	118
2019	87
2020	137
2021	81
2022	123
2023	74
2024	103
2025	99
2026	70
2027	73
2028	109
2029	102
2030	90
2031	72
2032	87
2033	85
2034	91
2035	83
2036	87
2037	66
2038	89
2039	74
2040	75
2041	73
2042	62
2043	66
2044	70
2045	53
2046	57
2047	70
2048	36
2049	62
2050	44
2051	39
2052	50
2053	28
2054	44
2055	36
2056	40
2057	54
2058	31
2059	32
2060	38
2061	35
2062	19
2063	22
2064	29
2065	30
2066	23
2067	32
2068	20
2069	22
2070	26
2071	16
2072	13
2073	23
2074	15
2075	14
2076	19
2077	16
2078	15
2079	17
2080	14
2081	12
2082	11
2083	18
2084	12
2085	4
2086	12
2087	13
2088	5
2089	8
2090	10
2091	16
2092	15
2093	18
2094	14
2095	12
2096	10
2097	14
2098	8
2099	13
2100	11
2101	4
2102	17
2103	6
2104	7
2105	11
2106	11
2107	16
2108	11
2109	14
2110	11
2111	15
2112	9
2113	8
2114	13
2115	9
2116	9
2117	9
2118	8
2119	8
2120	13
2121	15
2122	3
2123	13
2124	11
2125	11
2126	22
2127	9
2128	8
2129	12
2130	12
2131	8
2132	14
2133	8
2134	9
2135	5
2136	10
2137	8
2138	8
2139	10
2140	6
2141	12
2142	7
2143	12
2144	5
2145	10
2146	11
2147	17
2148	15
2149	6
2150	6
2151	13
2152	5
2153	12
2154	8
2155	21
2156	15
2157	14
2158	12
2159	13
2160	9
2161	7
2162	5
2163	16
2164	13
2165	5
2166	13
2167	5
2168	4
2169	16
2170	8
2171	10
2172	4
2173	14
2174	5
2175	15
2176	9
2177	11
2178	12
2179	14
2180	10
2181	8
2182	11
2183	6
2184	13
2185	9
2186	7
2187	7
2188	12
2189	16
2190	16
2191	10
2192	10
2193	8
2194	7
2195	17
2196	9
2197	11
2198	15
2199	9
2200	12
2201	12
2202	10
2203	16
2204	10
2205	12
2206	6
2207	12
2208	8
2209	19
2210	10
2211	9
2212	10
2213	11
2214	7
2215	14
2216	9
2217	7
2218	6
2219	13
2220	14
2221	16
2222	13
2223	9
2224	11
2225	12
2226	8
2227	16
2228	13
2229	6
2230	12
2231	9
2232	8
2233	17
2234	9
2235	9
2236	12
2237	13
2238	14
2239	22
2240	14
2241	15
2242	22
2243	20
2244	25
2245	11
2246	22
2247	11
2248	9
2249	24
2250	11
2251	23
2252	30
2253	24
2254	15
2255	17
2256	26
2257	15
2258	23
2259	26
2260	27
2261	13
2262	22
2263	18
2264	28
2265	33
2266	17
2267	26
2268	18
2269	20
2270	24
2271	25
2272	18
2273	21
2274	32
2275	27
2276	23
2277	20
2278	34
2279	23
2280	19
2281	30
2282	13
2283	21
2284	42
2285	24
2286	19
2287	22
2288	19
2289	31
2290	33
2291	24
2292	19
2293	18
2294	39
2295	21
2296	20
2297	18
2298	21
2299	28
2300	25
2301	21
2302	24
2303	19
2304	21
2305	17
2306	20
2307	16
2308	17
2309	17
2310	23
2311	10
2312	13
2313	13
2314	12
2315	20
2316	19
2317	14
2318	10
2319	13
2320	15
2321	6
2322	8
2323	11
2324	11
2325	8
2326	16
2327	9
2328	11
2329	13
2330	7
2331	16
2332	8
2333	7
2334	8
2335	13
2336	10
2337	9
2338	11
2339	10
2340	14
2341	7
2342	13
2343	14
2344	8
2345	13
2346	9
2347	11
2348	5
2349	14
2350	7
2351	8
2352	10
2353	8
2354	6
2355	12
2356	5
2357	6
2358	12
2359	10
2360	6
2361	9
2362	4
2363	11
2364	9
2365	6
2366	7
2367	9
2368	9
2369	6
2370	8
2371	14
2372	8
2373	6
2374	12
2375	7
2376	6
2377	11
2378	4
2379	10
2380	8
2381	10
2382	7
2383	8
2384	5
2385	5
2386	7
2387	8
2388	3
2389	4
2390	5
2391	2
2392	8
2393	6
2394	5
2395	15
2396	14
2397	10
2398	9
2399	9
2400	12
2401	9
2402	5
2403	7
2404	9
2405	6
2406	14
2407	7
2408	6
2409	10
2410	3
2411	5
2412	7
2413	8
2414	4
2415	8
2416	3
2417	4
2418	5
2419	6
2420	3
2421	6
2422	7
2423	5
2424	7
2425	3
2426	9
2427	10
2428	7
2429	10
2430	3
2431	9
2432	7
2433	10
2434	6
2435	5
2436	9
2437	5
2438	15
2439	5
2440	13
2441	9
2442	6
2443	12
2444	8
2445	12
2446	5
2447	4
2448	7
2449	7
2450	5
2451	7
2452	5
2453	3
2454	8
2455	4
2456	13
2457	13
2458	4
2459	8
2460	5
2461	12
2462	12
2463	4
2464	11
2465	4
2466	12
2467	9
2468	15
2469	9
2470	3
2471	7
2472	7
2473	10
2474	7
2475	10
2476	8
2477	8
2478	10
2479	1
2480	7
2481	6
2482	5
2483	8
2484	7
2485	4
2486	12
2487	7
2488	9
2489	6
2490	3
2491	18
2492	9
2493	7
2494	5
2495	7
2496	6
2497	6
2498	6
2499	4
2500	7
2501	6
2502	10
2503	3
2504	5
2505	8
2506	1
2507	8
2508	11
2509	5
2510	9
2511	9
2512	7
2513	11
2514	8
2515	8
2516	11
2517	6
2518	10
2519	6
2520	4
2521	10
2522	8
2523	8
2524	12
2525	11
2526	6
2527	12
2528	5
2529	4
2530	10
2531	11
2532	3
2533	4
2534	9
2535	0
2536	7
2537	6
2538	5
2539	8
2540	3
2541	4
2542	6
2543	9
2544	11
2545	10
2546	3
2547	6
2548	7
2549	3
2550	12
2551	4
2552	7
2553	9
2554	6
2555	7
2556	6
2557	9
2558	11
2559	8
2560	5
2561	12
2562	12
2563	10
2564	10
2565	9
2566	20
2567	9
2568	14
2569	16
2570	8
2571	7
2572	10
2573	10
2574	13
2575	11
2576	13
2577	7
2578	17
2579	10
2580	12
2581	12
2582	16
2583	11
2584	13
2585	14
2586	14
2587	16
2588	7
2589	12
2590	13
2591	6
2592	12
2593	9
2594	16
2595	16
2596	11
2597	7
2598	15
2599	10
2600	9
2601	6
2602	16
2603	18
2604	11
2605	12
2606	12
2607	9
2608	10
2609	7
2610	9
2611	18
2612	23
2613	14
2614	18
2615	13
2616	7
2617	17
2618	3
2619	10
2620	5
2621	12
2622	14
2623	9
2624	17
2625	14
2626	7
2627	10
2628	10
2629	6
2630	6
2631	6
2632	12
2633	7
2634	10
2635	13
2636	9
2637	10
2638	7
2639	13
2640	7
2641	6
2642	7
2643	11
2644	10
2645	8
2646	9
2647	6
2648	4
2649	11
2650	7
2651	13
2652	10
2653	8
2654	11
2655	4
2656	10
2657	8
2658	16
2659	7
2660	12
2661	4
2662	6
2663	7
2664	6
2665	8
2666	4
2667	8
2668	8
2669	7
2670	6
2671	9
2672	7
2673	5
2674	13
2675	8
2676	2
2677	3
2678	11
2679	9
2680	4
2681	10
2682	3
2683	8
2684	4
2685	2
2686	9
2687	7
2688	7
2689	6
2690	7
2691	8
2692	8
2693	6
2694	8
2695	7
2696	2
2697	10
2698	5
2699	4
2700	10
2701	5
2702	5
2703	4
2704	5
2705	7
2706	6
2707	5
2708	10
2709	5
2710	12
2711	5
2712	9
2713	8
2714	6
2715	9
2716	7
2717	3
2718	6
2719	12
2720	3
2721	2
2722	6
2723	8
2724	4
2725	7
2726	10
2727	8
2728	5
2729	9
2730	2
2731	4
2732	6
2733	7
2734	5
2735	2
2736	5
2737	5
2738	5
2739	11
2740	8
2741	3
2742	11
2743	8
2744	4
2745	11
2746	7
2747	11
2748	10
2749	11
2750	4
2751	7
2752	10
2753	8
2754	10
2755	7
2756	4
2757	1
2758	9
2759	7
2760	7
2761	9
2762	4
2763	5
2764	16
2765	7
2766	7
2767	7
2768	6
2769	4
2770	5
2771	7
2772	9
2773	9
2774	13
2775	5
2776	5
2777	9
2778	6
2779	8
2780	8
2781	7
2782	7
2783	8
2784	4
2785	6
2786	5
2787	2
2788	9
2789	4
2790	13
2791	3
2792	7
2793	12
2794	3
2795	6
2796	6
2797	3
2798	5
2799	5
2800	4
2801	7
2802	6
2803	8
2804	8
2805	2
2806	8
2807	5
2808	7
2809	2
2810	8
2811	6
2812	7
2813	4
2814	3
2815	4
2816	7
2817	8
2818	4
2819	5
2820	10
2821	4
2822	12
2823	2
2824	3
2825	9
2826	9
2827	4
2828	8
2829	3
2830	6
2831	6
2832	9
2833	3
2834	3
2835	7
2836	7
2837	7
2838	3
2839	9
2840	10
2841	11
2842	6
2843	8
2844	8
2845	11
2846	4
2847	7
2848	9
2849	2
2850	5
2851	9
2852	7
2853	10
2854	13
2855	4
2856	4
2857	14
2858	8
2859	6
2860	7
2861	7
2862	8
2863	4
2864	10
2865	8
2866	8
2867	6
2868	2
2869	4
2870	6
2871	12
2872	2
2873	2
2874	3
2875	6
2876	2
2877	8
2878	7
2879	8
2880	7
2881	6
2882	6
2883	2
2884	7
2885	8
2886	8
2887	3
2888	2
2889	10
2890	8
2891	8
2892	6
2893	8
2894	6
2895	4
2896	5
2897	10
2898	1
2899	6
2900	8
2901	4
2902	7
2903	6
2904	8
2905	7
2906	8
2907	9
2908	7
2909	8
2910	9
2911	3
2912	7
2913	9
2914	3
2915	6
2916	6
2917	4
2918	9
2919	5
2920	7
2921	5
2922	5
2923	4
2924	3
2925	9
2926	5
2927	5
2928	6
2929	4
2930	9
2931	10
2932	5
2933	4
2934	3
2935	8
2936	3
2937	10
2938	5
2939	11
2940	6
2941	6
2942	2
2943	7
2944	5
2945	8
2946	11
2947	5
2948	7
2949	7
2950	10
2951	6
2952	5
2953	6
2954	5
2955	5
2956	6
2957	8
2958	5
2959	4
2960	10
2961	5
2962	9
2963	6
2964	10
2965	1
2966	9
2967	1
2968	7
2969	4
2970	6
2971	3
2972	7
2973	4
2974	7
2975	2
2976	8
2977	5
2978	9
2979	2
2980	9
2981	3
2982	3
2983	2
2984	4
2985	4
2986	3
2987	6
2988	10
2989	5
2990	6
2991	5
2992	10
2993	6
2994	4
2995	6
2996	10
2997	2
2998	1
2999	9
3000	6
3001	1
3002	3
3003	9
3004	2
3005	4
3006	3
3007	5
3008	6
3009	10
3010	10
3011	6
3012	12
3013	2
3014	8
3015	2
3016	7
3017	5
3018	5
3019	7
3020	10
3021	5
3022	3
3023	3
3024	3
3025	7
3026	6
3027	10
3028	12
3029	3
3030	8
3031	6
3032	4
3033	7
3034	9
3035	8
3036	3
3037	4
3038	5
3039	3
3040	8
3041	3
3042	3
3043	4
3044	6
3045	7
3046	6
3047	7
3048	8
3049	5
3050	3
3051	4
3052	5
3053	6
3054	7
3055	2
3056	3
3057	6
3058	8
3059	8
3060	5
3061	5
3062	4
3063	5
3064	3
3065	7
3066	3
3067	3
3068	5
3069	9
3070	4
3071	2
3072	7
3073	4
3074	4
3075	2
3076	8
3077	1
3078	7
3079	6
3080	3
3081	9
3082	6
3083	4
3084	7
3085	4
3086	2
3087	10
3088	8
3089	7
3090	6
3091	7
3092	7
3093	4
3094	7
3095	3
3096	6
3097	6
3098	7
3099	2
3100	8
3101	5
3102	6
3103	3
3104	3
3105	1
3106	4
3107	14
3108	4
3109	2
3110	8
3111	5
3112	1
3113	3
3114	5
3115	5
3116	5
3117	4
3118	4
3119	3
3120	2
3121	10
3122	3
3123	4
3124	8
3125	5
3126	3
3127	3
3128	5
3129	4
3130	3
3131	3
3132	3
3133	3
3134	2
3135	5
3136	8
3137	7
3138	2
3139	6
3140	3
3141	5
3142	4
3143	3
3144	4
3145	4
3146	1
3147	7
3148	9
3149	2
3150	5
3151	7
3152	3
3153	6
3154	4
3155	9
3156	5
3157	7
3158	6
3159	2
3160	3
3161	8
3162	2
3163	2
3164	4
3165	8
3166	4
3167	10
3168	4
3169	5
3170	2
3171	6
3172	4
3173	3
3174	3
3175	8
3176	2
3177	6
3178	5
3179	2
3180	5
3181	3
3182	5
3183	9
3184	0
3185	7
3186	2
3187	1
3188	5
3189	4
3190	5
3191	6
3192	3
3193	6
3194	7
3195	10
3196	5
3197	7
3198	5
3199	8
3200	5
3201	4
3202	5
3203	14
3204	5
3205	6
3206	6
3207	2
3208	3
3209	3
3210	3
3211	3
3212	3
3213	4
3214	2
3215	5
3216	1
3217	4
3218	5
3219	1
3220	2
3221	3
3222	10
3223	3
3224	1
3225	4
3226	3
3227	4
3228	6
3229	2
3230	7
3231	2
3232	2
3233	2
3234	9
3235	5
3236	7
3237	2
3238	2
3239	5
3240	4
3241	6
3242	3
3243	5
3244	7
3245	3
3246	2
3247	3
3248	2
3249	2
3250	7
3251	4
3252	1
3253	1
3254	10
3255	5
3256	4
3257	5
3258	3
3259	8
3260	5
3261	4
3262	4
3263	2
3264	4
3265	2
3266	2
3267	2
3268	7
3269	4
3270	5
3271	4
3272	4
3273	11
3274	3
3275	1
3276	5
3277	8
3278	5
3279	3
3280	0
3281	5
3282	3
3283	8
3284	3
3285	2
3286	2
3287	6
3288	3
3289	6
3290	3
3291	7
3292	6
3293	3
3294	5
3295	3
3296	3
3297	3
3298	1
3299	3
3300	5
3301	2
3302	2
3303	3
3304	3
3305	3
3306	2
3307	5
3308	6
3309	2
3310	3
3311	2
3312	7
3313	2
3314	6
3315	8
3316	1
3317	3
3318	5
3319	5
3320	2
3321	7
3322	1
3323	3
3324	1
3325	4
3326	5
3327	2
3328	1
3329	3
3330	1
3331	5
3332	6
3333	3
3334	3
3335	1
3336	2
3337	6
3338	3
3339	3
3340	5
3341	4
3342	5
3343	5
3344	4
3345	2
3346	4
3347	3
3348	6
3349	0
3350	7
3351	0
3352	2
3353	3
3354	1
3355	3
3356	5
3357	5
3358	6
3359	3
3360	2
3361	2
3362	3
3363	3
3364	5
3365	1
3366	10
3367	2
3368	1
3369	4
3370	1
3371	3
3372	2
3373	3
3374	3
3375	1
3376	1
3377	2
3378	3
3379	5
3380	4
3381	7
3382	4
3383	1
3384	2
3385	6
3386	1
3387	3
3388	2
3389	1
3390	5
3391	5
3392	2
3393	3
3394	5
3395	7
3396	5
3397	4
3398	4
3399	4
3400	3
3401	1
3402	0
3403	2
3404	4
3405	2
3406	1
3407	2
3408	2
3409	3
3410	2
3411	3
3412	4
3413	3
3414	4
3415	4
3416	2
3417	3
3418	4
3419	3
3420	2
3421	2
3422	3
3423	1
3424	1
3425	2
3426	3
3427	3
3428	1
3429	4
3430	5
3431	6
3432	3
3433	2
3434	1
3435	3
3436	3
3437	3
3438	1
3439	6
3440	4
3441	4
3442	3
3443	4
3444	5
3445	1
3446	4
3447	3
3448	1
3449	7
3450	0
3451	4
3452	3
3453	3
3454	2
3455	1
3456	3
3457	4
3458	5
3459	3
3460	4
3461	1
3462	5
3463	1
3464	4
3465	5
3466	6
3467	0
3468	2
3469	2
3470	2
3471	1
3472	5
3473	4
3474	5
3475	6
3476	4
3477	1
3478	4
3479	1
3480	0
3481	3
3482	3
3483	2
3484	3
3485	1
3486	1
3487	5
3488	5
3489	4
3490	1
3491	4
3492	2
3493	1
3494	4
3495	3
3496	2
3497	2
3498	4
3499	1
3500	6
3501	2
3502	3
3503	0
3504	0
3505	1
3506	6
3507	2
3508	0
3509	3
3510	3
3511	4
3512	4
3513	6
3514	1
3515	2
3516	1
3517	4
3518	3
3519	2
3520	2
3521	2
3522	2
3523	3
3524	4
3525	0
3526	4
3527	1
3528	3
3529	2
3530	0
3531	3
3532	5
3533	2
3534	1
3535	1
3536	2
3537	5
3538	1
3539	7
3540	3
3541	0
3542	1
3543	4
3544	3
3545	0
3546	5
3547	4
3548	4
3549	1
3550	2
3551	3
3552	0
3553	5
3554	1
3555	1
3556	0
3557	0
3558	3
3559	0
3560	3
3561	0
3562	2
3563	1
3564	6
3565	3
3566	1
3567	2
3568	1
3569	0
3570	2
3571	2
3572	1
3573	1
3574	2
3575	1
3576	3
3577	5
3578	3
3579	2
3580	2
3581	3
3582	3
3583	5
3584	2
3585	2
3586	1
3587	1
3588	4
3589	2
3590	1
3591	2
3592	2
3593	7
3594	1
3595	1
3596	3
3597	5
3598	1
3599	1
3600	3
3601	1
3602	3
3603	6
3604	2
3605	1
3606	4
3607	2
3608	4
3609	5
3610	1
3611	2
3612	2
3613	3
3614	1
3615	2
3616	5
3617	3
3618	1
3619	2
3620	3
3621	2
3622	2
3623	5
3624	1
3625	1
3626	0
3627	1
3628	2
3629	2
3630	2
3631	0
3632	3
3633	2
3634	5
3635	3
3636	0
3637	1
3638	0
3639	1
3640	1
3641	2
3642	2
3643	3
3644	3
3645	1
3646	4
3647	1
3648	2
3649	1
3650	5
3651	1
3652	10
3653	5
3654	4
3655	0
3656	1
3657	1
3658	2
3659	2
3660	5
3661	1
3662	1
3663	0
3664	3
3665	0
3666	1
3667	1
3668	2
3669	2
3670	1
3671	4
3672	4
3673	0
3674	2
3675	1
3676	0
3677	6
3678	2
3679	2
3680	2
3681	0
3682	1
3683	0
3684	3
3685	0
3686	0
3687	0
3688	3
3689	2
3690	0
3691	2
3692	3
3693	0
3694	0
3695	2
3696	1
3697	3
3698	2
3699	0
3700	1
3701	1
3702	1
3703	0
3704	2
3705	1
3706	2
3707	0
3708	2
3709	2
3710	3
3711	2
3712	2
3713	1
3714	2
3715	2
3716	1
3717	0
3718	2
3719	4
3720	0
3721	2
3722	4
3723	2
3724	4
3725	2
3726	0
3727	1
3728	3
3729	2
3730	3
3731	3
3732	2
3733	2
3734	3
3735	1
3736	1
3737	3
3738	0
3739	1
3740	2
3741	1
3742	2
3743	0
3744	1
3745	2
3746	0
3747	0
3748	0
3749	0
3750	1
3751	1
3752	1
3753	1
3754	1
3755	3
3756	3
3757	0
3758	2
3759	1
3760	1
3761	1
3762	1
3763	0
3764	6
3765	1
3766	4
3767	1
3768	1
3769	1
3770	0
3771	0
3772	1
3773	5
3774	0
3775	2
3776	3
3777	1
3778	0
3779	0
3780	0
3781	1
3782	1
3783	0
3784	0
3785	1
3786	1
3787	2
3788	0
3789	0
3790	1
3791	4
3792	4
3793	1
3794	2
3795	1
3796	2
3797	1
3798	5
3799	0
3800	1
3801	3
3802	0
3803	2
3804	0
3805	1
3806	2
3807	0
3808	0
3809	3
3810	1
3811	0
3812	0
3813	0
3814	2
3815	0
3816	3
3817	1
3818	0
3819	2
3820	0
3821	1
3822	0
3823	3
3824	2
3825	0
3826	1
3827	1
3828	1
3829	0
3830	0
3831	2
3832	2
3833	2
3834	0
3835	4
3836	1
3837	6
3838	3
3839	0
3840	0
3841	1
3842	1
3843	1
3844	2
3845	0
3846	1
3847	1
3848	0
3849	2
3850	0
3851	1
3852	0
3853	0
3854	1
3855	2
3856	1
3857	0
3858	1
3859	0
3860	0
3861	0
3862	1
3863	0
3864	1
3865	3
3866	5
3867	0
3868	4
3869	0
3870	0
3871	0
3872	0
3873	1
3874	1
3875	1
3876	2
3877	1
3878	1
3879	1
3880	0
3881	3
3882	0
3883	0
3884	2
3885	2
3886	1
3887	0
3888	0
3889	0
3890	0
3891	0
3892	1
3893	1
3894	1
3895	2
3896	0
3897	1
3898	1
3899	2
3900	0
3901	0
3902	1
3903	2
3904	0
3905	1
3906	0
3907	1
3908	1
3909	1
3910	2
3911	0
3912	0
3913	1
3914	0
3915	2
3916	0
3917	0
3918	0
3919	1
3920	1
3921	0
3922	1
3923	1
3924	0
3925	0
3926	1
3927	1
3928	1
3929	0
3930	0
3931	0
3932	2
3933	2
3934	2
3935	0
3936	1
3937	0
3938	2
3939	2
3940	4
3941	0
3942	1
3943	0
3944	2
3945	1
3946	0
3947	0
3948	1
3949	1
3950	1
3951	0
3952	0
3953	2
3954	0
3955	1
3956	1
3957	1
3958	1
3959	0
3960	0
3961	2
3962	0
3963	1
3964	2
3965	1
3966	1
3967	0
3968	0
3969	1
3970	0
3971	0
3972	2
3973	0
3974	1
3975	1
3976	2
3977	1
3978	0
3979	1
3980	2
3981	0
3982	0
3983	0
3984	0
3985	1
3986	1
3987	2
3988	0
3989	1
3990	0
3991	0
3992	1
3993	0
3994	0
3995	1
3996	0
3997	1
3998	1
3999	1
4000	0
