Channel number	Impulses
Channel/#	Impulses/#

0	0
1	0
2	0
3	0
4	0
5	0
6	0
7	0
8	0
9	0
10	0
11	0
12	0
13	0
14	0
15	0
16	0
17	0
18	0
19	0
20	0
21	0
22	0
23	0
24	0
25	0
26	0
27	0
28	0
29	0
30	0
31	0
32	0
33	0
34	0
35	0
36	0
37	0
38	0
39	0
40	0
41	0
42	0
43	0
44	0
45	0
46	0
47	0
48	0
49	0
50	0
51	0
52	0
53	0
54	2
55	3
56	1
57	0
58	3
59	4
60	3
61	1
62	4
63	4
64	1
65	1
66	4
67	2
68	4
69	8
70	5
71	4
72	5
73	2
74	1
75	2
76	3
77	3
78	3
79	7
80	5
81	3
82	4
83	3
84	2
85	3
86	3
87	5
88	1
89	1
90	1
91	2
92	5
93	3
94	1
95	3
96	3
97	3
98	4
99	5
100	2
101	4
102	2
103	1
104	4
105	6
106	4
107	2
108	2
109	1
110	1
111	3
112	2
113	1
114	4
115	0
116	1
117	2
118	0
119	4
120	4
121	2
122	2
123	3
124	3
125	1
126	2
127	6
128	1
129	5
130	2
131	4
132	5
133	0
134	1
135	2
136	1
137	2
138	4
139	2
140	1
141	3
142	3
143	0
144	1
145	2
146	0
147	3
148	1
149	3
150	5
151	0
152	0
153	2
154	1
155	2
156	1
157	1
158	3
159	2
160	1
161	5
162	1
163	4
164	1
165	1
166	2
167	3
168	0
169	2
170	4
171	5
172	1
173	3
174	1
175	1
176	1
177	2
178	2
179	1
180	3
181	2
182	2
183	0
184	2
185	1
186	0
187	0
188	2
189	3
190	6
191	4
192	1
193	2
194	1
195	1
196	0
197	0
198	0
199	2
200	2
201	1
202	1
203	1
204	6
205	1
206	2
207	0
208	1
209	0
210	0
211	2
212	0
213	0
214	0
215	3
216	0
217	3
218	1
219	1
220	2
221	1
222	1
223	1
224	1
225	1
226	2
227	3
228	1
229	1
230	1
231	2
232	0
233	0
234	2
235	2
236	2
237	0
238	1
239	0
240	0
241	5
242	2
243	0
244	2
245	1
246	1
247	1
248	1
249	2
250	0
251	0
252	0
253	1
254	3
255	2
256	2
257	1
258	2
259	2
260	0
261	0
262	2
263	0
264	0
265	0
266	0
267	1
268	2
269	2
270	0
271	3
272	1
273	1
274	2
275	1
276	0
277	2
278	1
279	2
280	2
281	1
282	1
283	0
284	1
285	0
286	1
287	0
288	0
289	1
290	1
291	0
292	0
293	0
294	1
295	3
296	0
297	4
298	0
299	2
300	1
301	0
302	1
303	2
304	4
305	1
306	0
307	2
308	2
309	1
310	2
311	1
312	0
313	1
314	0
315	1
316	1
317	1
318	1
319	3
320	1
321	0
322	1
323	2
324	3
325	3
326	1
327	0
328	3
329	0
330	1
331	0
332	1
333	0
334	1
335	1
336	1
337	1
338	2
339	1
340	0
341	0
342	1
343	0
344	0
345	0
346	0
347	1
348	2
349	0
350	2
351	0
352	0
353	1
354	3
355	0
356	1
357	3
358	0
359	1
360	0
361	1
362	2
363	2
364	2
365	0
366	1
367	0
368	1
369	2
370	2
371	3
372	1
373	0
374	1
375	1
376	1
377	1
378	2
379	1
380	0
381	1
382	2
383	1
384	1
385	1
386	0
387	0
388	0
389	0
390	0
391	0
392	1
393	3
394	0
395	0
396	1
397	0
398	0
399	0
400	2
401	1
402	0
403	0
404	0
405	2
406	2
407	1
408	0
409	0
410	1
411	1
412	0
413	1
414	0
415	0
416	0
417	0
418	0
419	0
420	0
421	3
422	0
423	0
424	0
425	2
426	0
427	1
428	1
429	0
430	1
431	3
432	0
433	0
434	0
435	1
436	0
437	0
438	2
439	0
440	1
441	0
442	0
443	1
444	0
445	1
446	1
447	0
448	0
449	1
450	1
451	0
452	0
453	0
454	1
455	0
456	2
457	2
458	1
459	1
460	0
461	1
462	0
463	1
464	0
465	1
466	1
467	0
468	0
469	2
470	2
471	2
472	2
473	2
474	1
475	1
476	0
477	0
478	1
479	1
480	3
481	0
482	1
483	2
484	0
485	0
486	0
487	0
488	0
489	0
490	0
491	0
492	0
493	1
494	1
495	0
496	2
497	0
498	0
499	0
500	0
501	0
502	2
503	1
504	1
505	1
506	2
507	0
508	0
509	1
510	0
511	0
512	0
513	0
514	0
515	3
516	1
517	1
518	1
519	0
520	0
521	1
522	1
523	0
524	2
525	0
526	1
527	2
528	0
529	1
530	0
531	0
532	2
533	2
534	0
535	1
536	0
537	0
538	0
539	0
540	0
541	0
542	1
543	0
544	1
545	1
546	2
547	0
548	1
549	0
550	0
551	1
552	0
553	0
554	4
555	0
556	0
557	1
558	0
559	0
560	1
561	0
562	2
563	0
564	1
565	0
566	2
567	0
568	1
569	0
570	1
571	1
572	0
573	1
574	2
575	2
576	1
577	1
578	1
579	1
580	0
581	1
582	2
583	1
584	0
585	0
586	1
587	2
588	1
589	2
590	1
591	1
592	0
593	1
594	1
595	2
596	0
597	1
598	1
599	0
600	0
601	0
602	0
603	0
604	2
605	1
606	0
607	0
608	0
609	0
610	0
611	1
612	0
613	0
614	1
615	0
616	2
617	0
618	1
619	1
620	0
621	1
622	0
623	1
624	1
625	2
626	0
627	1
628	1
629	0
630	1
631	1
632	1
633	1
634	2
635	2
636	2
637	1
638	1
639	0
640	1
641	1
642	0
643	0
644	1
645	2
646	1
647	2
648	0
649	0
650	0
651	0
652	0
653	0
654	1
655	1
656	0
657	2
658	1
659	0
660	1
661	1
662	0
663	0
664	2
665	0
666	0
667	0
668	2
669	0
670	1
671	2
672	0
673	0
674	0
675	0
676	0
677	0
678	0
679	1
680	0
681	0
682	1
683	0
684	2
685	1
686	0
687	0
688	1
689	1
690	0
691	0
692	1
693	0
694	1
695	0
696	0
697	1
698	0
699	1
700	1
701	1
702	3
703	2
704	1
705	1
706	1
707	2
708	2
709	0
710	0
711	0
712	0
713	0
714	0
715	0
716	0
717	1
718	1
719	1
720	0
721	1
722	1
723	0
724	0
725	0
726	0
727	0
728	2
729	0
730	0
731	0
732	1
733	0
734	0
735	2
736	0
737	0
738	1
739	0
740	1
741	0
742	1
743	2
744	0
745	0
746	2
747	0
748	0
749	1
750	1
751	0
752	2
753	1
754	2
755	1
756	1
757	2
758	1
759	2
760	1
761	0
762	3
763	1
764	2
765	1
766	1
767	0
768	0
769	0
770	1
771	0
772	3
773	3
774	0
775	0
776	1
777	1
778	0
779	2
780	2
781	1
782	0
783	3
784	2
785	1
786	2
787	1
788	1
789	0
790	1
791	1
792	3
793	0
794	1
795	0
796	1
797	0
798	1
799	3
800	0
801	3
802	1
803	1
804	2
805	0
806	0
807	1
808	2
809	1
810	3
811	0
812	1
813	2
814	2
815	2
816	1
817	1
818	1
819	1
820	4
821	1
822	1
823	0
824	3
825	2
826	2
827	3
828	2
829	2
830	2
831	1
832	2
833	1
834	2
835	1
836	0
837	1
838	4
839	1
840	3
841	1
842	1
843	0
844	3
845	1
846	3
847	2
848	2
849	4
850	4
851	0
852	0
853	2
854	1
855	0
856	2
857	0
858	1
859	0
860	1
861	2
862	3
863	1
864	4
865	4
866	2
867	3
868	2
869	0
870	2
871	1
872	1
873	0
874	0
875	1
876	3
877	4
878	3
879	0
880	2
881	2
882	2
883	2
884	0
885	2
886	2
887	1
888	1
889	1
890	0
891	1
892	1
893	1
894	2
895	4
896	2
897	1
898	2
899	4
900	3
901	3
902	1
903	3
904	3
905	3
906	2
907	2
908	0
909	1
910	0
911	1
912	0
913	0
914	4
915	1
916	1
917	0
918	2
919	1
920	1
921	1
922	1
923	1
924	2
925	2
926	3
927	2
928	0
929	1
930	0
931	3
932	2
933	1
934	0
935	2
936	1
937	0
938	0
939	0
940	1
941	0
942	6
943	0
944	0
945	1
946	0
947	1
948	2
949	0
950	1
951	0
952	3
953	0
954	2
955	1
956	2
957	1
958	1
959	3
960	2
961	1
962	3
963	0
964	0
965	2
966	3
967	2
968	3
969	1
970	1
971	1
972	2
973	1
974	1
975	1
976	1
977	0
978	2
979	1
980	1
981	2
982	1
983	0
984	3
985	0
986	3
987	1
988	2
989	0
990	1
991	1
992	0
993	2
994	3
995	1
996	2
997	1
998	0
999	2
1000	2
1001	0
1002	0
1003	0
1004	0
1005	0
1006	0
1007	2
1008	2
1009	3
1010	2
1011	1
1012	0
1013	3
1014	1
1015	2
1016	3
1017	1
1018	0
1019	2
1020	0
1021	2
1022	0
1023	2
1024	0
1025	1
1026	0
1027	2
1028	1
1029	3
1030	3
1031	0
1032	3
1033	1
1034	1
1035	1
1036	3
1037	1
1038	0
1039	1
1040	1
1041	2
1042	1
1043	1
1044	0
1045	1
1046	0
1047	1
1048	1
1049	2
1050	0
1051	1
1052	3
1053	0
1054	1
1055	2
1056	2
1057	1
1058	2
1059	1
1060	4
1061	2
1062	6
1063	5
1064	0
1065	4
1066	1
1067	2
1068	2
1069	2
1070	2
1071	3
1072	2
1073	1
1074	1
1075	1
1076	3
1077	3
1078	2
1079	1
1080	1
1081	0
1082	5
1083	1
1084	5
1085	2
1086	3
1087	1
1088	1
1089	3
1090	2
1091	2
1092	4
1093	1
1094	1
1095	4
1096	2
1097	1
1098	0
1099	5
1100	2
1101	6
1102	4
1103	2
1104	1
1105	0
1106	2
1107	2
1108	5
1109	1
1110	4
1111	0
1112	0
1113	0
1114	1
1115	5
1116	0
1117	3
1118	1
1119	0
1120	5
1121	3
1122	2
1123	2
1124	1
1125	2
1126	6
1127	4
1128	1
1129	1
1130	0
1131	0
1132	3
1133	0
1134	1
1135	3
1136	1
1137	0
1138	0
1139	2
1140	1
1141	0
1142	1
1143	3
1144	1
1145	1
1146	1
1147	1
1148	0
1149	0
1150	3
1151	2
1152	0
1153	3
1154	2
1155	2
1156	5
1157	3
1158	0
1159	1
1160	0
1161	5
1162	0
1163	2
1164	4
1165	2
1166	3
1167	3
1168	2
1169	2
1170	3
1171	2
1172	0
1173	1
1174	2
1175	4
1176	2
1177	2
1178	2
1179	2
1180	2
1181	3
1182	1
1183	2
1184	1
1185	2
1186	2
1187	2
1188	3
1189	1
1190	3
1191	1
1192	3
1193	1
1194	2
1195	0
1196	3
1197	2
1198	1
1199	3
1200	0
1201	2
1202	1
1203	5
1204	2
1205	2
1206	2
1207	1
1208	5
1209	2
1210	4
1211	0
1212	1
1213	1
1214	2
1215	2
1216	1
1217	1
1218	3
1219	2
1220	5
1221	3
1222	4
1223	2
1224	2
1225	6
1226	3
1227	0
1228	2
1229	1
1230	1
1231	1
1232	5
1233	2
1234	0
1235	1
1236	2
1237	3
1238	2
1239	3
1240	2
1241	2
1242	1
1243	7
1244	1
1245	1
1246	4
1247	4
1248	0
1249	1
1250	1
1251	1
1252	0
1253	2
1254	0
1255	1
1256	0
1257	1
1258	2
1259	0
1260	5
1261	2
1262	0
1263	4
1264	2
1265	2
1266	2
1267	0
1268	1
1269	2
1270	5
1271	5
1272	2
1273	3
1274	1
1275	1
1276	3
1277	4
1278	6
1279	3
1280	1
1281	2
1282	5
1283	2
1284	2
1285	5
1286	2
1287	2
1288	4
1289	7
1290	7
1291	2
1292	3
1293	3
1294	4
1295	0
1296	2
1297	2
1298	2
1299	4
1300	1
1301	3
1302	3
1303	6
1304	4
1305	4
1306	2
1307	2
1308	3
1309	6
1310	2
1311	2
1312	2
1313	3
1314	2
1315	6
1316	3
1317	4
1318	2
1319	2
1320	2
1321	4
1322	3
1323	2
1324	4
1325	1
1326	5
1327	1
1328	2
1329	3
1330	2
1331	3
1332	3
1333	3
1334	2
1335	2
1336	3
1337	4
1338	2
1339	4
1340	6
1341	2
1342	1
1343	3
1344	0
1345	0
1346	3
1347	2
1348	3
1349	3
1350	2
1351	2
1352	4
1353	0
1354	3
1355	4
1356	3
1357	8
1358	5
1359	2
1360	1
1361	3
1362	4
1363	4
1364	2
1365	3
1366	0
1367	3
1368	1
1369	5
1370	3
1371	2
1372	5
1373	3
1374	3
1375	3
1376	1
1377	1
1378	0
1379	2
1380	6
1381	4
1382	2
1383	0
1384	6
1385	6
1386	1
1387	1
1388	2
1389	2
1390	1
1391	3
1392	1
1393	6
1394	6
1395	1
1396	4
1397	2
1398	4
1399	2
1400	5
1401	3
1402	0
1403	2
1404	1
1405	3
1406	3
1407	2
1408	4
1409	1
1410	4
1411	4
1412	5
1413	3
1414	3
1415	2
1416	3
1417	7
1418	7
1419	0
1420	2
1421	4
1422	3
1423	4
1424	2
1425	4
1426	2
1427	3
1428	3
1429	7
1430	6
1431	1
1432	3
1433	7
1434	3
1435	3
1436	1
1437	4
1438	4
1439	6
1440	0
1441	1
1442	1
1443	1
1444	2
1445	2
1446	5
1447	1
1448	3
1449	4
1450	4
1451	2
1452	4
1453	4
1454	2
1455	2
1456	4
1457	2
1458	5
1459	4
1460	3
1461	2
1462	5
1463	4
1464	4
1465	1
1466	3
1467	1
1468	2
1469	2
1470	1
1471	4
1472	1
1473	2
1474	1
1475	2
1476	4
1477	4
1478	6
1479	3
1480	2
1481	5
1482	2
1483	6
1484	6
1485	3
1486	7
1487	2
1488	6
1489	6
1490	5
1491	4
1492	7
1493	0
1494	3
1495	4
1496	5
1497	2
1498	7
1499	4
1500	3
1501	4
1502	0
1503	5
1504	3
1505	3
1506	2
1507	3
1508	7
1509	2
1510	3
1511	4
1512	1
1513	4
1514	3
1515	0
1516	1
1517	3
1518	4
1519	3
1520	3
1521	1
1522	3
1523	7
1524	2
1525	2
1526	8
1527	3
1528	1
1529	4
1530	1
1531	5
1532	6
1533	1
1534	5
1535	10
1536	0
1537	4
1538	6
1539	2
1540	5
1541	1
1542	4
1543	4
1544	1
1545	5
1546	3
1547	2
1548	4
1549	3
1550	1
1551	2
1552	4
1553	5
1554	7
1555	3
1556	4
1557	4
1558	2
1559	4
1560	4
1561	1
1562	4
1563	3
1564	2
1565	3
1566	3
1567	5
1568	2
1569	7
1570	3
1571	5
1572	2
1573	5
1574	7
1575	1
1576	5
1577	7
1578	1
1579	4
1580	11
1581	3
1582	7
1583	4
1584	6
1585	7
1586	3
1587	7
1588	4
1589	3
1590	3
1591	8
1592	5
1593	4
1594	4
1595	4
1596	5
1597	0
1598	5
1599	6
1600	3
1601	2
1602	6
1603	2
1604	5
1605	1
1606	12
1607	2
1608	5
1609	6
1610	1
1611	2
1612	5
1613	3
1614	7
1615	4
1616	3
1617	5
1618	1
1619	6
1620	5
1621	8
1622	6
1623	2
1624	3
1625	4
1626	2
1627	2
1628	10
1629	7
1630	2
1631	2
1632	3
1633	4
1634	11
1635	4
1636	6
1637	3
1638	4
1639	6
1640	2
1641	4
1642	4
1643	5
1644	9
1645	4
1646	4
1647	4
1648	5
1649	6
1650	3
1651	2
1652	4
1653	2
1654	5
1655	0
1656	5
1657	2
1658	7
1659	2
1660	6
1661	2
1662	1
1663	7
1664	4
1665	4
1666	5
1667	3
1668	3
1669	5
1670	7
1671	1
1672	3
1673	2
1674	3
1675	7
1676	2
1677	6
1678	3
1679	3
1680	3
1681	3
1682	4
1683	7
1684	6
1685	2
1686	5
1687	3
1688	8
1689	2
1690	6
1691	7
1692	3
1693	5
1694	6
1695	2
1696	4
1697	4
1698	3
1699	7
1700	3
1701	4
1702	9
1703	3
1704	4
1705	2
1706	7
1707	5
1708	10
1709	2
1710	2
1711	4
1712	7
1713	6
1714	2
1715	6
1716	8
1717	3
1718	4
1719	4
1720	5
1721	7
1722	6
1723	4
1724	4
1725	4
1726	6
1727	2
1728	2
1729	4
1730	5
1731	3
1732	5
1733	6
1734	8
1735	5
1736	4
1737	4
1738	6
1739	5
1740	6
1741	3
1742	9
1743	4
1744	3
1745	5
1746	1
1747	4
1748	4
1749	7
1750	6
1751	2
1752	2
1753	7
1754	4
1755	6
1756	7
1757	3
1758	6
1759	6
1760	6
1761	9
1762	8
1763	7
1764	6
1765	4
1766	1
1767	4
1768	2
1769	6
1770	4
1771	5
1772	6
1773	6
1774	1
1775	4
1776	4
1777	6
1778	1
1779	9
1780	6
1781	5
1782	9
1783	4
1784	6
1785	5
1786	5
1787	7
1788	6
1789	6
1790	5
1791	11
1792	4
1793	9
1794	3
1795	7
1796	9
1797	5
1798	9
1799	7
1800	8
1801	3
1802	4
1803	6
1804	3
1805	5
1806	4
1807	8
1808	4
1809	3
1810	6
1811	7
1812	6
1813	6
1814	9
1815	2
1816	5
1817	5
1818	7
1819	9
1820	6
1821	7
1822	4
1823	8
1824	3
1825	8
1826	5
1827	3
1828	12
1829	5
1830	7
1831	7
1832	8
1833	6
1834	4
1835	9
1836	8
1837	4
1838	4
1839	3
1840	12
1841	3
1842	4
1843	10
1844	11
1845	10
1846	5
1847	9
1848	5
1849	7
1850	4
1851	8
1852	7
1853	9
1854	7
1855	13
1856	6
1857	6
1858	7
1859	13
1860	9
1861	8
1862	9
1863	6
1864	8
1865	7
1866	2
1867	5
1868	2
1869	3
1870	13
1871	7
1872	7
1873	6
1874	6
1875	13
1876	7
1877	8
1878	9
1879	4
1880	5
1881	9
1882	5
1883	10
1884	11
1885	10
1886	16
1887	1
1888	7
1889	13
1890	9
1891	8
1892	6
1893	11
1894	10
1895	11
1896	5
1897	12
1898	11
1899	6
1900	8
1901	7
1902	11
1903	12
1904	5
1905	10
1906	6
1907	19
1908	12
1909	10
1910	12
1911	8
1912	16
1913	12
1914	11
1915	17
1916	22
1917	12
1918	21
1919	11
1920	17
1921	20
1922	10
1923	9
1924	18
1925	13
1926	22
1927	15
1928	20
1929	19
1930	16
1931	23
1932	19
1933	26
1934	23
1935	21
1936	24
1937	26
1938	22
1939	20
1940	33
1941	18
1942	33
1943	15
1944	30
1945	29
1946	23
1947	33
1948	25
1949	26
1950	25
1951	29
1952	20
1953	28
1954	30
1955	29
1956	26
1957	22
1958	29
1959	19
1960	23
1961	31
1962	21
1963	30
1964	33
1965	31
1966	30
1967	20
1968	24
1969	25
1970	23
1971	35
1972	41
1973	25
1974	44
1975	40
1976	24
1977	30
1978	26
1979	39
1980	35
1981	27
1982	23
1983	24
1984	24
1985	27
1986	27
1987	26
1988	36
1989	19
1990	21
1991	14
1992	24
1993	27
1994	15
1995	32
1996	34
1997	21
1998	29
1999	27
2000	21
2001	23
2002	20
2003	14
2004	21
2005	17
2006	35
2007	15
2008	14
2009	31
2010	16
2011	25
2012	20
2013	22
2014	22
2015	18
2016	13
2017	15
2018	19
2019	10
2020	15
2021	20
2022	22
2023	22
2024	19
2025	19
2026	11
2027	10
2028	25
2029	17
2030	13
2031	15
2032	16
2033	13
2034	17
2035	15
2036	14
2037	11
2038	18
2039	7
2040	16
2041	15
2042	9
2043	10
2044	15
2045	10
2046	9
2047	13
2048	11
2049	9
2050	10
2051	11
2052	12
2053	17
2054	5
2055	4
2056	5
2057	10
2058	7
2059	15
2060	11
2061	8
2062	7
2063	7
2064	5
2065	6
2066	12
2067	7
2068	5
2069	1
2070	5
2071	3
2072	6
2073	3
2074	5
2075	6
2076	5
2077	5
2078	1
2079	5
2080	3
2081	3
2082	9
2083	5
2084	9
2085	7
2086	4
2087	10
2088	2
2089	1
2090	5
2091	13
2092	2
2093	5
2094	2
2095	4
2096	5
2097	6
2098	3
2099	3
2100	7
2101	1
2102	6
2103	2
2104	5
2105	5
2106	2
2107	5
2108	8
2109	3
2110	3
2111	10
2112	4
2113	1
2114	8
2115	4
2116	7
2117	0
2118	3
2119	5
2120	5
2121	6
2122	4
2123	4
2124	4
2125	7
2126	9
2127	4
2128	2
2129	3
2130	5
2131	10
2132	4
2133	5
2134	7
2135	4
2136	4
2137	8
2138	4
2139	3
2140	5
2141	6
2142	4
2143	7
2144	1
2145	6
2146	5
2147	2
2148	3
2149	6
2150	5
2151	6
2152	6
2153	4
2154	8
2155	5
2156	6
2157	8
2158	7
2159	5
2160	5
2161	8
2162	5
2163	10
2164	6
2165	2
2166	5
2167	7
2168	6
2169	7
2170	3
2171	6
2172	7
2173	9
2174	6
2175	4
2176	6
2177	11
2178	8
2179	5
2180	6
2181	12
2182	8
2183	5
2184	11
2185	11
2186	5
2187	14
2188	5
2189	8
2190	8
2191	11
2192	9
2193	7
2194	11
2195	14
2196	6
2197	9
2198	12
2199	3
2200	8
2201	9
2202	10
2203	12
2204	10
2205	9
2206	12
2207	9
2208	5
2209	15
2210	6
2211	8
2212	7
2213	8
2214	9
2215	11
2216	10
2217	7
2218	11
2219	9
2220	8
2221	9
2222	8
2223	6
2224	6
2225	4
2226	8
2227	12
2228	6
2229	4
2230	11
2231	8
2232	8
2233	9
2234	9
2235	7
2236	11
2237	8
2238	7
2239	16
2240	8
2241	8
2242	14
2243	6
2244	8
2245	12
2246	10
2247	8
2248	5
2249	14
2250	8
2251	15
2252	11
2253	7
2254	6
2255	8
2256	6
2257	4
2258	13
2259	6
2260	7
2261	3
2262	9
2263	5
2264	9
2265	7
2266	5
2267	8
2268	5
2269	5
2270	11
2271	10
2272	5
2273	6
2274	6
2275	3
2276	1
2277	6
2278	6
2279	11
2280	9
2281	11
2282	3
2283	5
2284	7
2285	3
2286	6
2287	7
2288	5
2289	4
2290	0
2291	7
2292	8
2293	2
2294	9
2295	4
2296	5
2297	9
2298	5
2299	2
2300	5
2301	6
2302	4
2303	7
2304	6
2305	4
2306	5
2307	11
2308	9
2309	1
2310	2
2311	6
2312	6
2313	5
2314	1
2315	6
2316	7
2317	7
2318	4
2319	4
2320	2
2321	2
2322	5
2323	3
2324	8
2325	1
2326	6
2327	3
2328	6
2329	7
2330	0
2331	9
2332	4
2333	5
2334	0
2335	7
2336	2
2337	3
2338	4
2339	3
2340	0
2341	7
2342	5
2343	4
2344	4
2345	2
2346	2
2347	4
2348	5
2349	7
2350	0
2351	2
2352	3
2353	1
2354	3
2355	4
2356	2
2357	7
2358	11
2359	7
2360	4
2361	0
2362	2
2363	6
2364	3
2365	5
2366	2
2367	6
2368	0
2369	7
2370	4
2371	2
2372	4
2373	2
2374	3
2375	6
2376	2
2377	3
2378	5
2379	3
2380	4
2381	4
2382	2
2383	2
2384	3
2385	5
2386	3
2387	5
2388	3
2389	3
2390	6
2391	1
2392	2
2393	2
2394	1
2395	2
2396	1
2397	7
2398	6
2399	4
2400	3
2401	5
2402	2
2403	3
2404	4
2405	3
2406	5
2407	5
2408	1
2409	4
2410	4
2411	1
2412	5
2413	3
2414	1
2415	3
2416	3
2417	5
2418	1
2419	2
2420	3
2421	3
2422	3
2423	1
2424	2
2425	5
2426	4
2427	3
2428	3
2429	3
2430	2
2431	4
2432	4
2433	3
2434	5
2435	2
2436	7
2437	1
2438	3
2439	4
2440	2
2441	7
2442	3
2443	4
2444	4
2445	2
2446	4
2447	5
2448	5
2449	2
2450	5
2451	3
2452	2
2453	0
2454	6
2455	3
2456	5
2457	4
2458	4
2459	2
2460	7
2461	2
2462	3
2463	3
2464	4
2465	0
2466	3
2467	2
2468	2
2469	2
2470	3
2471	3
2472	1
2473	1
2474	3
2475	2
2476	6
2477	1
2478	3
2479	4
2480	1
2481	3
2482	3
2483	5
2484	4
2485	4
2486	4
2487	2
2488	2
2489	6
2490	1
2491	5
2492	3
2493	3
2494	1
2495	4
2496	4
2497	5
2498	3
2499	2
2500	6
2501	3
2502	3
2503	4
2504	5
2505	2
2506	2
2507	2
2508	3
2509	0
2510	2
2511	2
2512	4
2513	3
2514	5
2515	8
2516	3
2517	4
2518	6
2519	4
2520	4
2521	4
2522	1
2523	3
2524	4
2525	2
2526	6
2527	1
2528	3
2529	9
2530	2
2531	1
2532	7
2533	3
2534	6
2535	2
2536	8
2537	3
2538	1
2539	4
2540	4
2541	4
2542	3
2543	3
2544	1
2545	3
2546	4
2547	0
2548	6
2549	2
2550	7
2551	2
2552	7
2553	0
2554	7
2555	7
2556	3
2557	6
2558	3
2559	0
2560	3
2561	3
2562	2
2563	3
2564	1
2565	2
2566	4
2567	3
2568	3
2569	5
2570	5
2571	4
2572	2
2573	7
2574	1
2575	4
2576	3
2577	5
2578	3
2579	5
2580	5
2581	4
2582	6
2583	5
2584	7
2585	5
2586	3
2587	10
2588	6
2589	6
2590	5
2591	4
2592	7
2593	5
2594	7
2595	4
2596	6
2597	2
2598	10
2599	4
2600	8
2601	3
2602	5
2603	8
2604	4
2605	7
2606	1
2607	5
2608	7
2609	2
2610	6
2611	3
2612	4
2613	2
2614	7
2615	12
2616	5
2617	3
2618	0
2619	9
2620	7
2621	3
2622	5
2623	3
2624	6
2625	5
2626	6
2627	5
2628	8
2629	7
2630	6
2631	3
2632	2
2633	8
2634	1
2635	3
2636	2
2637	3
2638	3
2639	2
2640	3
2641	5
2642	5
2643	8
2644	5
2645	3
2646	4
2647	3
2648	6
2649	7
2650	7
2651	5
2652	1
2653	6
2654	2
2655	5
2656	2
2657	5
2658	3
2659	3
2660	3
2661	2
2662	3
2663	1
2664	2
2665	3
2666	3
2667	3
2668	2
2669	5
2670	3
2671	2
2672	3
2673	0
2674	2
2675	3
2676	2
2677	3
2678	2
2679	1
2680	3
2681	7
2682	2
2683	4
2684	4
2685	1
2686	3
2687	2
2688	3
2689	2
2690	4
2691	4
2692	8
2693	2
2694	3
2695	4
2696	1
2697	4
2698	3
2699	1
2700	4
2701	5
2702	7
2703	3
2704	3
2705	2
2706	0
2707	4
2708	4
2709	1
2710	4
2711	0
2712	4
2713	3
2714	6
2715	3
2716	2
2717	4
2718	2
2719	2
2720	2
2721	0
2722	1
2723	3
2724	4
2725	3
2726	4
2727	5
2728	3
2729	3
2730	2
2731	1
2732	3
2733	3
2734	3
2735	1
2736	4
2737	4
2738	7
2739	3
2740	5
2741	1
2742	6
2743	1
2744	3
2745	4
2746	2
2747	5
2748	1
2749	2
2750	3
2751	3
2752	2
2753	7
2754	5
2755	2
2756	2
2757	0
2758	4
2759	5
2760	5
2761	4
2762	5
2763	3
2764	4
2765	3
2766	4
2767	3
2768	1
2769	5
2770	4
2771	3
2772	4
2773	1
2774	3
2775	2
2776	7
2777	2
2778	2
2779	4
2780	8
2781	0
2782	2
2783	2
2784	4
2785	4
2786	0
2787	4
2788	7
2789	4
2790	1
2791	1
2792	3
2793	4
2794	1
2795	2
2796	3
2797	0
2798	8
2799	2
2800	3
2801	3
2802	1
2803	6
2804	7
2805	4
2806	3
2807	1
2808	3
2809	1
2810	5
2811	4
2812	2
2813	5
2814	2
2815	3
2816	4
2817	5
2818	2
2819	7
2820	1
2821	1
2822	5
2823	2
2824	4
2825	1
2826	2
2827	3
2828	3
2829	3
2830	3
2831	2
2832	2
2833	2
2834	5
2835	5
2836	5
2837	5
2838	0
2839	3
2840	5
2841	4
2842	3
2843	1
2844	3
2845	1
2846	3
2847	6
2848	6
2849	1
2850	3
2851	2
2852	4
2853	3
2854	3
2855	3
2856	2
2857	3
2858	1
2859	2
2860	6
2861	5
2862	4
2863	1
2864	5
2865	1
2866	3
2867	4
2868	1
2869	2
2870	2
2871	1
2872	0
2873	7
2874	2
2875	5
2876	4
2877	2
2878	4
2879	3
2880	5
2881	3
2882	4
2883	0
2884	2
2885	2
2886	2
2887	2
2888	1
2889	2
2890	4
2891	3
2892	2
2893	7
2894	2
2895	5
2896	3
2897	4
2898	1
2899	3
2900	2
2901	6
2902	4
2903	2
2904	3
2905	1
2906	5
2907	7
2908	4
2909	5
2910	5
2911	3
2912	3
2913	3
2914	4
2915	1
2916	1
2917	3
2918	3
2919	0
2920	3
2921	6
2922	2
2923	3
2924	5
2925	1
2926	1
2927	4
2928	2
2929	3
2930	4
2931	4
2932	1
2933	1
2934	1
2935	4
2936	1
2937	4
2938	3
2939	3
2940	10
2941	2
2942	3
2943	5
2944	4
2945	3
2946	4
2947	4
2948	4
2949	2
2950	6
2951	2
2952	1
2953	2
2954	2
2955	3
2956	6
2957	2
2958	4
2959	1
2960	2
2961	3
2962	2
2963	5
2964	4
2965	2
2966	5
2967	2
2968	3
2969	4
2970	1
2971	2
2972	3
2973	1
2974	3
2975	0
2976	1
2977	0
2978	2
2979	2
2980	1
2981	1
2982	4
2983	1
2984	1
2985	1
2986	1
2987	1
2988	3
2989	2
2990	3
2991	1
2992	1
2993	2
2994	4
2995	3
2996	2
2997	4
2998	5
2999	4
3000	1
3001	2
3002	4
3003	4
3004	4
3005	9
3006	1
3007	5
3008	1
3009	3
3010	1
3011	2
3012	2
3013	4
3014	5
3015	1
3016	5
3017	6
3018	1
3019	0
3020	1
3021	2
3022	4
3023	1
3024	4
3025	3
3026	1
3027	3
3028	4
3029	1
3030	3
3031	1
3032	3
3033	4
3034	2
3035	6
3036	3
3037	1
3038	5
3039	1
3040	3
3041	0
3042	3
3043	5
3044	4
3045	1
3046	0
3047	2
3048	2
3049	2
3050	0
3051	5
3052	3
3053	3
3054	5
3055	1
3056	3
3057	2
3058	3
3059	1
3060	3
3061	1
3062	1
3063	2
3064	1
3065	3
3066	4
3067	4
3068	2
3069	3
3070	5
3071	1
3072	6
3073	3
3074	2
3075	4
3076	3
3077	2
3078	5
3079	3
3080	0
3081	2
3082	1
3083	3
3084	4
3085	1
3086	3
3087	2
3088	3
3089	2
3090	4
3091	6
3092	4
3093	0
3094	0
3095	2
3096	1
3097	2
3098	2
3099	5
3100	2
3101	0
3102	0
3103	2
3104	3
3105	1
3106	3
3107	3
3108	4
3109	2
3110	2
3111	0
3112	0
3113	0
3114	1
3115	0
3116	5
3117	3
3118	5
3119	2
3120	1
3121	3
3122	1
3123	3
3124	1
3125	4
3126	5
3127	1
3128	2
3129	6
3130	1
3131	1
3132	2
3133	2
3134	1
3135	3
3136	1
3137	2
3138	4
3139	2
3140	0
3141	3
3142	3
3143	0
3144	3
3145	2
3146	2
3147	1
3148	3
3149	4
3150	2
3151	1
3152	1
3153	0
3154	1
3155	1
3156	2
3157	1
3158	2
3159	2
3160	2
3161	1
3162	1
3163	3
3164	1
3165	1
3166	1
3167	3
3168	2
3169	0
3170	1
3171	2
3172	4
3173	1
3174	2
3175	0
3176	0
3177	4
3178	0
3179	0
3180	3
3181	1
3182	2
3183	2
3184	1
3185	2
3186	3
3187	1
3188	0
3189	3
3190	2
3191	3
3192	0
3193	4
3194	1
3195	1
3196	0
3197	1
3198	2
3199	1
3200	0
3201	2
3202	4
3203	1
3204	3
3205	2
3206	1
3207	1
3208	0
3209	4
3210	3
3211	1
3212	2
3213	2
3214	0
3215	3
3216	6
3217	0
3218	3
3219	1
3220	2
3221	2
3222	2
3223	5
3224	0
3225	8
3226	3
3227	5
3228	3
3229	1
3230	2
3231	0
3232	1
3233	0
3234	1
3235	6
3236	1
3237	2
3238	5
3239	2
3240	1
3241	1
3242	0
3243	2
3244	2
3245	0
3246	2
3247	1
3248	1
3249	2
3250	2
3251	3
3252	1
3253	2
3254	2
3255	1
3256	2
3257	3
3258	0
3259	6
3260	0
3261	0
3262	2
3263	1
3264	3
3265	1
3266	0
3267	1
3268	1
3269	0
3270	3
3271	3
3272	1
3273	2
3274	1
3275	2
3276	0
3277	1
3278	0
3279	2
3280	1
3281	2
3282	2
3283	3
3284	4
3285	1
3286	0
3287	2
3288	1
3289	3
3290	1
3291	2
3292	2
3293	2
3294	2
3295	1
3296	2
3297	1
3298	3
3299	2
3300	6
3301	4
3302	1
3303	2
3304	1
3305	3
3306	3
3307	3
3308	4
3309	1
3310	2
3311	3
3312	1
3313	3
3314	3
3315	2
3316	3
3317	0
3318	0
3319	0
3320	0
3321	2
3322	0
3323	4
3324	1
3325	3
3326	0
3327	1
3328	1
3329	1
3330	0
3331	3
3332	4
3333	1
3334	2
3335	0
3336	2
3337	0
3338	1
3339	5
3340	3
3341	2
3342	1
3343	1
3344	0
3345	0
3346	1
3347	1
3348	1
3349	2
3350	5
3351	0
3352	1
3353	1
3354	2
3355	0
3356	1
3357	2
3358	0
3359	3
3360	1
3361	0
3362	0
3363	1
3364	1
3365	2
3366	1
3367	1
3368	2
3369	1
3370	0
3371	1
3372	0
3373	2
3374	2
3375	0
3376	0
3377	3
3378	0
3379	2
3380	2
3381	3
3382	0
3383	2
3384	0
3385	2
3386	0
3387	0
3388	0
3389	2
3390	1
3391	0
3392	1
3393	0
3394	1
3395	1
3396	2
3397	1
3398	3
3399	0
3400	1
3401	0
3402	1
3403	1
3404	3
3405	2
3406	1
3407	2
3408	1
3409	0
3410	2
3411	1
3412	0
3413	2
3414	4
3415	2
3416	1
3417	1
3418	0
3419	3
3420	1
3421	2
3422	0
3423	2
3424	2
3425	2
3426	1
3427	0
3428	1
3429	3
3430	4
3431	1
3432	4
3433	2
3434	0
3435	3
3436	2
3437	1
3438	1
3439	2
3440	1
3441	1
3442	1
3443	0
3444	4
3445	0
3446	2
3447	0
3448	0
3449	2
3450	0
3451	0
3452	1
3453	0
3454	2
3455	2
3456	1
3457	1
3458	0
3459	2
3460	0
3461	0
3462	2
3463	1
3464	0
3465	1
3466	2
3467	1
3468	0
3469	1
3470	0
3471	3
3472	0
3473	1
3474	3
3475	1
3476	3
3477	1
3478	1
3479	0
3480	0
3481	3
3482	1
3483	1
3484	0
3485	1
3486	0
3487	1
3488	0
3489	0
3490	0
3491	1
3492	3
3493	2
3494	1
3495	0
3496	1
3497	0
3498	3
3499	0
3500	2
3501	0
3502	2
3503	2
3504	2
3505	2
3506	2
3507	1
3508	1
3509	1
3510	4
3511	1
3512	2
3513	1
3514	2
3515	1
3516	2
3517	2
3518	0
3519	1
3520	0
3521	0
3522	0
3523	2
3524	3
3525	2
3526	1
3527	1
3528	1
3529	3
3530	0
3531	4
3532	0
3533	0
3534	0
3535	0
3536	1
3537	1
3538	0
3539	2
3540	1
3541	0
3542	1
3543	0
3544	1
3545	2
3546	0
3547	0
3548	0
3549	2
3550	2
3551	1
3552	0
3553	0
3554	2
3555	1
3556	1
3557	1
3558	1
3559	0
3560	2
3561	2
3562	2
3563	1
3564	1
3565	1
3566	0
3567	1
3568	2
3569	1
3570	0
3571	0
3572	0
3573	0
3574	1
3575	1
3576	1
3577	0
3578	0
3579	1
3580	1
3581	1
3582	0
3583	0
3584	2
3585	2
3586	0
3587	0
3588	1
3589	1
3590	0
3591	1
3592	0
3593	4
3594	1
3595	1
3596	1
3597	0
3598	1
3599	0
3600	0
3601	1
3602	1
3603	1
3604	2
3605	0
3606	1
3607	1
3608	1
3609	0
3610	1
3611	1
3612	0
3613	0
3614	1
3615	3
3616	1
3617	0
3618	1
3619	0
3620	3
3621	0
3622	1
3623	1
3624	1
3625	1
3626	1
3627	2
3628	3
3629	0
3630	1
3631	0
3632	1
3633	0
3634	0
3635	1
3636	3
3637	0
3638	3
3639	1
3640	0
3641	0
3642	0
3643	0
3644	3
3645	1
3646	1
3647	1
3648	1
3649	1
3650	2
3651	2
3652	0
3653	0
3654	0
3655	2
3656	0
3657	0
3658	0
3659	0
3660	0
3661	2
3662	2
3663	2
3664	1
3665	1
3666	3
3667	1
3668	0
3669	0
3670	1
3671	1
3672	0
3673	0
3674	1
3675	1
3676	0
3677	0
3678	0
3679	1
3680	0
3681	0
3682	1
3683	2
3684	0
3685	0
3686	1
3687	0
3688	0
3689	1
3690	0
3691	2
3692	0
3693	1
3694	3
3695	0
3696	0
3697	0
3698	0
3699	1
3700	1
3701	1
3702	1
3703	1
3704	0
3705	1
3706	0
3707	1
3708	0
3709	0
3710	0
3711	0
3712	1
3713	0
3714	0
3715	0
3716	0
3717	1
3718	1
3719	0
3720	0
3721	0
3722	0
3723	1
3724	0
3725	2
3726	0
3727	0
3728	1
3729	1
3730	0
3731	0
3732	0
3733	0
3734	0
3735	1
3736	1
3737	0
3738	0
3739	0
3740	0
3741	0
3742	0
3743	0
3744	0
3745	2
3746	1
3747	1
3748	0
3749	0
3750	0
3751	0
3752	2
3753	1
3754	0
3755	0
3756	0
3757	1
3758	0
3759	0
3760	0
3761	0
3762	0
3763	0
3764	0
3765	0
3766	2
3767	0
3768	0
3769	1
3770	0
3771	1
3772	0
3773	0
3774	0
3775	1
3776	0
3777	0
3778	0
3779	3
3780	0
3781	0
3782	1
3783	1
3784	0
3785	1
3786	1
3787	0
3788	0
3789	0
3790	0
3791	0
3792	0
3793	1
3794	0
3795	0
3796	1
3797	0
3798	1
3799	0
3800	0
3801	0
3802	0
3803	0
3804	0
3805	1
3806	0
3807	0
3808	1
3809	0
3810	1
3811	0
3812	0
3813	0
3814	0
3815	0
3816	0
3817	2
3818	0
3819	1
3820	1
3821	1
3822	0
3823	0
3824	0
3825	0
3826	0
3827	0
3828	2
3829	0
3830	0
3831	0
3832	1
3833	1
3834	0
3835	0
3836	0
3837	1
3838	0
3839	0
3840	0
3841	0
3842	0
3843	0
3844	0
3845	0
3846	0
3847	0
3848	0
3849	0
3850	0
3851	0
3852	0
3853	0
3854	0
3855	0
3856	0
3857	0
3858	0
3859	0
3860	0
3861	0
3862	0
3863	0
3864	0
3865	0
3866	0
3867	0
3868	0
3869	0
3870	0
3871	0
3872	0
3873	0
3874	0
3875	0
3876	0
3877	0
3878	0
3879	1
3880	0
3881	0
3882	0
3883	0
3884	0
3885	0
3886	0
3887	0
3888	0
3889	0
3890	0
3891	0
3892	0
3893	0
3894	0
3895	0
3896	0
3897	0
3898	0
3899	0
3900	0
3901	0
3902	0
3903	0
3904	0
3905	0
3906	0
3907	0
3908	0
3909	0
3910	0
3911	0
3912	1
3913	0
3914	0
3915	0
3916	0
3917	0
3918	0
3919	0
3920	0
3921	0
3922	0
3923	0
3924	0
3925	0
3926	0
3927	0
3928	0
3929	0
3930	0
3931	0
3932	0
3933	0
3934	0
3935	0
3936	0
3937	0
3938	0
3939	0
3940	0
3941	0
3942	0
3943	0
3944	0
3945	0
3946	0
3947	0
3948	0
3949	0
3950	0
3951	0
3952	0
3953	0
3954	0
3955	0
3956	0
3957	0
3958	0
3959	0
3960	0
3961	0
3962	0
3963	0
3964	0
3965	0
3966	0
3967	0
3968	0
3969	0
3970	0
3971	0
3972	0
3973	0
3974	0
3975	0
3976	0
3977	0
3978	0
3979	0
3980	0
3981	0
3982	0
3983	0
3984	0
3985	0
3986	0
3987	0
3988	0
3989	0
3990	0
3991	0
3992	0
3993	0
3994	0
3995	0
3996	0
3997	0
3998	0
3999	0
4000	0
