Channel number	Impulses
Channel/#	Impulses/#

0	0
1	0
2	0
3	0
4	0
5	0
6	0
7	0
8	0
9	0
10	0
11	0
12	0
13	0
14	0
15	0
16	0
17	0
18	0
19	0
20	0
21	0
22	0
23	0
24	0
25	0
26	0
27	0
28	0
29	0
30	0
31	0
32	0
33	0
34	0
35	0
36	0
37	0
38	0
39	0
40	0
41	0
42	0
43	0
44	0
45	0
46	0
47	0
48	1
49	0
50	1
51	0
52	1
53	1
54	0
55	1
56	4
57	7
58	2
59	5
60	6
61	7
62	5
63	5
64	4
65	5
66	5
67	7
68	7
69	5
70	4
71	0
72	7
73	3
74	4
75	2
76	4
77	9
78	4
79	4
80	2
81	5
82	5
83	3
84	4
85	7
86	3
87	5
88	2
89	3
90	3
91	6
92	3
93	5
94	7
95	5
96	1
97	6
98	5
99	5
100	4
101	5
102	1
103	2
104	4
105	2
106	4
107	5
108	2
109	2
110	3
111	3
112	5
113	3
114	2
115	1
116	5
117	4
118	3
119	1
120	1
121	1
122	2
123	2
124	3
125	2
126	1
127	2
128	0
129	9
130	4
131	5
132	4
133	3
134	4
135	5
136	3
137	4
138	3
139	2
140	1
141	3
142	5
143	5
144	4
145	7
146	2
147	2
148	4
149	3
150	8
151	2
152	12
153	2
154	2
155	3
156	4
157	7
158	3
159	3
160	1
161	1
162	2
163	4
164	1
165	2
166	0
167	3
168	1
169	0
170	4
171	1
172	4
173	4
174	3
175	4
176	2
177	5
178	1
179	3
180	2
181	1
182	1
183	1
184	1
185	1
186	3
187	1
188	1
189	1
190	2
191	6
192	2
193	2
194	4
195	2
196	2
197	3
198	3
199	3
200	3
201	4
202	1
203	1
204	2
205	1
206	2
207	4
208	3
209	3
210	3
211	1
212	0
213	5
214	1
215	1
216	2
217	2
218	4
219	3
220	2
221	0
222	2
223	4
224	2
225	2
226	5
227	2
228	1
229	4
230	8
231	2
232	1
233	1
234	2
235	3
236	0
237	2
238	4
239	3
240	0
241	3
242	0
243	7
244	3
245	1
246	2
247	2
248	1
249	1
250	0
251	1
252	2
253	2
254	0
255	4
256	0
257	4
258	2
259	1
260	2
261	2
262	6
263	4
264	2
265	3
266	1
267	0
268	1
269	2
270	3
271	3
272	2
273	3
274	3
275	1
276	4
277	3
278	1
279	3
280	2
281	3
282	2
283	4
284	3
285	4
286	5
287	2
288	1
289	5
290	3
291	4
292	0
293	1
294	4
295	2
296	2
297	4
298	4
299	0
300	2
301	2
302	0
303	0
304	2
305	1
306	2
307	2
308	2
309	1
310	1
311	2
312	1
313	2
314	2
315	4
316	1
317	4
318	1
319	3
320	3
321	0
322	0
323	0
324	3
325	1
326	2
327	2
328	1
329	5
330	3
331	3
332	2
333	3
334	2
335	0
336	2
337	0
338	2
339	2
340	3
341	1
342	5
343	2
344	1
345	4
346	2
347	1
348	3
349	2
350	3
351	3
352	3
353	1
354	0
355	4
356	4
357	0
358	0
359	2
360	1
361	1
362	3
363	1
364	4
365	0
366	1
367	0
368	0
369	0
370	1
371	3
372	0
373	0
374	3
375	1
376	2
377	1
378	3
379	2
380	1
381	3
382	3
383	1
384	0
385	3
386	1
387	1
388	0
389	1
390	3
391	2
392	2
393	1
394	2
395	3
396	1
397	1
398	0
399	1
400	0
401	4
402	1
403	1
404	1
405	1
406	1
407	1
408	2
409	2
410	1
411	2
412	3
413	2
414	3
415	1
416	4
417	2
418	1
419	1
420	3
421	2
422	2
423	1
424	1
425	0
426	1
427	0
428	2
429	2
430	3
431	0
432	0
433	0
434	1
435	3
436	0
437	2
438	1
439	1
440	0
441	1
442	2
443	0
444	3
445	1
446	2
447	3
448	1
449	3
450	1
451	4
452	1
453	0
454	0
455	0
456	1
457	4
458	4
459	0
460	1
461	0
462	2
463	1
464	0
465	2
466	2
467	3
468	0
469	2
470	1
471	0
472	1
473	1
474	2
475	0
476	3
477	1
478	1
479	2
480	2
481	1
482	0
483	1
484	0
485	0
486	1
487	4
488	0
489	1
490	1
491	0
492	1
493	1
494	2
495	2
496	3
497	1
498	0
499	1
500	3
501	2
502	2
503	1
504	1
505	4
506	1
507	0
508	5
509	2
510	0
511	3
512	1
513	0
514	0
515	1
516	3
517	0
518	2
519	1
520	2
521	1
522	1
523	1
524	1
525	1
526	2
527	2
528	1
529	2
530	1
531	1
532	1
533	4
534	1
535	1
536	1
537	1
538	0
539	1
540	2
541	1
542	2
543	0
544	1
545	1
546	1
547	1
548	3
549	1
550	2
551	2
552	2
553	0
554	1
555	1
556	1
557	0
558	2
559	3
560	0
561	3
562	0
563	3
564	1
565	0
566	2
567	1
568	0
569	1
570	2
571	1
572	1
573	1
574	0
575	1
576	1
577	2
578	5
579	0
580	3
581	1
582	0
583	2
584	2
585	2
586	1
587	1
588	2
589	0
590	0
591	3
592	1
593	1
594	4
595	2
596	2
597	1
598	2
599	2
600	1
601	4
602	2
603	3
604	3
605	1
606	1
607	4
608	2
609	0
610	1
611	1
612	1
613	1
614	1
615	1
616	1
617	2
618	4
619	2
620	4
621	1
622	0
623	3
624	0
625	1
626	0
627	1
628	1
629	4
630	2
631	2
632	2
633	1
634	0
635	2
636	1
637	0
638	0
639	4
640	0
641	0
642	0
643	4
644	1
645	2
646	1
647	0
648	1
649	0
650	1
651	1
652	2
653	0
654	2
655	2
656	1
657	1
658	0
659	0
660	5
661	3
662	0
663	0
664	5
665	1
666	0
667	0
668	2
669	0
670	1
671	3
672	0
673	5
674	3
675	1
676	3
677	3
678	1
679	1
680	1
681	4
682	2
683	4
684	5
685	0
686	4
687	0
688	1
689	0
690	2
691	5
692	2
693	5
694	3
695	0
696	2
697	1
698	1
699	1
700	2
701	3
702	2
703	1
704	1
705	1
706	2
707	2
708	6
709	2
710	1
711	2
712	3
713	2
714	0
715	8
716	0
717	0
718	3
719	2
720	3
721	1
722	0
723	3
724	2
725	0
726	4
727	3
728	4
729	3
730	3
731	0
732	3
733	0
734	8
735	2
736	2
737	4
738	4
739	0
740	2
741	2
742	2
743	2
744	6
745	2
746	2
747	1
748	0
749	3
750	3
751	0
752	1
753	1
754	3
755	0
756	2
757	1
758	6
759	1
760	3
761	0
762	1
763	3
764	3
765	5
766	4
767	2
768	0
769	2
770	4
771	2
772	2
773	1
774	3
775	3
776	7
777	5
778	5
779	2
780	7
781	4
782	3
783	2
784	3
785	5
786	3
787	4
788	3
789	2
790	4
791	3
792	3
793	3
794	4
795	5
796	3
797	6
798	8
799	4
800	4
801	6
802	3
803	2
804	5
805	1
806	8
807	1
808	6
809	8
810	2
811	3
812	6
813	4
814	6
815	2
816	4
817	5
818	2
819	3
820	4
821	5
822	4
823	7
824	3
825	4
826	3
827	5
828	7
829	6
830	5
831	7
832	2
833	3
834	4
835	1
836	8
837	3
838	6
839	2
840	2
841	10
842	10
843	3
844	1
845	3
846	3
847	4
848	3
849	5
850	3
851	4
852	7
853	3
854	10
855	1
856	5
857	3
858	6
859	6
860	4
861	3
862	2
863	3
864	5
865	6
866	9
867	6
868	4
869	3
870	7
871	6
872	3
873	7
874	13
875	4
876	4
877	6
878	9
879	8
880	6
881	6
882	8
883	3
884	9
885	5
886	9
887	12
888	6
889	10
890	5
891	6
892	9
893	8
894	7
895	11
896	7
897	6
898	6
899	3
900	9
901	3
902	7
903	2
904	5
905	7
906	3
907	6
908	8
909	3
910	11
911	3
912	9
913	2
914	9
915	8
916	5
917	7
918	4
919	3
920	6
921	7
922	8
923	6
924	9
925	4
926	7
927	5
928	5
929	2
930	10
931	9
932	10
933	4
934	5
935	8
936	6
937	7
938	4
939	4
940	11
941	9
942	5
943	2
944	8
945	7
946	11
947	8
948	8
949	6
950	6
951	6
952	7
953	6
954	9
955	7
956	12
957	3
958	6
959	13
960	6
961	3
962	10
963	4
964	11
965	5
966	9
967	4
968	10
969	5
970	8
971	3
972	10
973	7
974	9
975	5
976	4
977	4
978	9
979	9
980	11
981	8
982	9
983	2
984	11
985	10
986	4
987	13
988	8
989	2
990	9
991	6
992	12
993	3
994	12
995	4
996	8
997	6
998	18
999	4
1000	9
1001	11
1002	6
1003	7
1004	11
1005	9
1006	8
1007	8
1008	11
1009	8
1010	7
1011	4
1012	6
1013	7
1014	16
1015	4
1016	8
1017	12
1018	10
1019	3
1020	14
1021	16
1022	9
1023	18
1024	3
1025	5
1026	8
1027	5
1028	5
1029	7
1030	8
1031	9
1032	9
1033	14
1034	9
1035	9
1036	10
1037	14
1038	9
1039	12
1040	10
1041	9
1042	9
1043	11
1044	9
1045	5
1046	6
1047	9
1048	10
1049	18
1050	15
1051	18
1052	12
1053	5
1054	8
1055	9
1056	4
1057	11
1058	12
1059	6
1060	10
1061	10
1062	15
1063	9
1064	5
1065	10
1066	15
1067	10
1068	15
1069	14
1070	13
1071	6
1072	4
1073	8
1074	10
1075	13
1076	9
1077	3
1078	13
1079	4
1080	12
1081	10
1082	8
1083	10
1084	15
1085	18
1086	9
1087	15
1088	5
1089	9
1090	7
1091	17
1092	9
1093	6
1094	8
1095	14
1096	12
1097	13
1098	6
1099	10
1100	15
1101	10
1102	12
1103	9
1104	3
1105	9
1106	8
1107	8
1108	11
1109	6
1110	11
1111	6
1112	8
1113	10
1114	8
1115	8
1116	9
1117	5
1118	14
1119	13
1120	11
1121	14
1122	7
1123	8
1124	11
1125	3
1126	13
1127	8
1128	10
1129	11
1130	6
1131	12
1132	11
1133	7
1134	16
1135	14
1136	7
1137	13
1138	14
1139	11
1140	11
1141	10
1142	23
1143	14
1144	9
1145	9
1146	5
1147	14
1148	20
1149	13
1150	16
1151	25
1152	4
1153	18
1154	10
1155	9
1156	8
1157	7
1158	21
1159	7
1160	11
1161	10
1162	10
1163	10
1164	9
1165	10
1166	11
1167	9
1168	11
1169	10
1170	9
1171	8
1172	7
1173	12
1174	14
1175	8
1176	10
1177	13
1178	15
1179	19
1180	13
1181	9
1182	13
1183	29
1184	12
1185	9
1186	13
1187	10
1188	11
1189	13
1190	16
1191	10
1192	12
1193	10
1194	9
1195	13
1196	21
1197	16
1198	9
1199	11
1200	12
1201	16
1202	7
1203	12
1204	15
1205	12
1206	14
1207	12
1208	9
1209	11
1210	10
1211	11
1212	12
1213	7
1214	21
1215	16
1216	7
1217	10
1218	14
1219	7
1220	8
1221	7
1222	17
1223	9
1224	15
1225	11
1226	12
1227	10
1228	20
1229	6
1230	7
1231	13
1232	13
1233	12
1234	7
1235	12
1236	11
1237	6
1238	15
1239	9
1240	8
1241	18
1242	15
1243	13
1244	14
1245	12
1246	14
1247	11
1248	9
1249	13
1250	14
1251	11
1252	15
1253	8
1254	17
1255	8
1256	11
1257	11
1258	16
1259	12
1260	15
1261	8
1262	10
1263	6
1264	8
1265	19
1266	8
1267	14
1268	14
1269	12
1270	14
1271	11
1272	11
1273	17
1274	13
1275	11
1276	14
1277	11
1278	17
1279	17
1280	8
1281	7
1282	13
1283	11
1284	13
1285	6
1286	10
1287	14
1288	15
1289	10
1290	9
1291	12
1292	13
1293	10
1294	19
1295	15
1296	20
1297	14
1298	7
1299	19
1300	12
1301	8
1302	18
1303	14
1304	19
1305	18
1306	14
1307	10
1308	8
1309	12
1310	8
1311	13
1312	14
1313	19
1314	9
1315	14
1316	8
1317	6
1318	23
1319	11
1320	9
1321	22
1322	12
1323	13
1324	13
1325	19
1326	11
1327	12
1328	9
1329	13
1330	7
1331	12
1332	12
1333	4
1334	15
1335	13
1336	13
1337	17
1338	9
1339	13
1340	9
1341	11
1342	22
1343	16
1344	5
1345	10
1346	17
1347	16
1348	21
1349	5
1350	17
1351	10
1352	18
1353	17
1354	9
1355	16
1356	15
1357	12
1358	13
1359	17
1360	18
1361	8
1362	23
1363	14
1364	12
1365	11
1366	10
1367	10
1368	14
1369	12
1370	6
1371	18
1372	14
1373	17
1374	12
1375	9
1376	11
1377	13
1378	16
1379	12
1380	19
1381	6
1382	14
1383	8
1384	9
1385	13
1386	13
1387	19
1388	20
1389	13
1390	9
1391	11
1392	14
1393	12
1394	12
1395	17
1396	9
1397	12
1398	12
1399	12
1400	12
1401	16
1402	19
1403	9
1404	10
1405	9
1406	13
1407	16
1408	12
1409	8
1410	10
1411	13
1412	15
1413	7
1414	10
1415	11
1416	13
1417	20
1418	8
1419	7
1420	14
1421	11
1422	7
1423	15
1424	13
1425	10
1426	12
1427	11
1428	17
1429	9
1430	9
1431	5
1432	14
1433	12
1434	11
1435	15
1436	16
1437	11
1438	12
1439	8
1440	8
1441	9
1442	12
1443	14
1444	16
1445	9
1446	19
1447	15
1448	16
1449	7
1450	12
1451	7
1452	16
1453	7
1454	13
1455	15
1456	7
1457	8
1458	16
1459	14
1460	12
1461	11
1462	18
1463	6
1464	11
1465	11
1466	9
1467	15
1468	14
1469	8
1470	11
1471	10
1472	11
1473	9
1474	14
1475	13
1476	11
1477	12
1478	14
1479	8
1480	8
1481	10
1482	12
1483	10
1484	11
1485	13
1486	9
1487	12
1488	10
1489	16
1490	17
1491	9
1492	14
1493	13
1494	8
1495	5
1496	14
1497	8
1498	9
1499	11
1500	9
1501	8
1502	11
1503	8
1504	8
1505	13
1506	18
1507	11
1508	6
1509	6
1510	17
1511	4
1512	8
1513	17
1514	9
1515	13
1516	16
1517	10
1518	13
1519	8
1520	14
1521	15
1522	7
1523	7
1524	13
1525	8
1526	16
1527	10
1528	7
1529	10
1530	7
1531	13
1532	28
1533	6
1534	15
1535	19
1536	8
1537	17
1538	12
1539	3
1540	11
1541	14
1542	16
1543	8
1544	18
1545	14
1546	10
1547	13
1548	13
1549	11
1550	13
1551	13
1552	4
1553	7
1554	10
1555	9
1556	7
1557	12
1558	14
1559	5
1560	9
1561	9
1562	13
1563	13
1564	9
1565	14
1566	15
1567	13
1568	9
1569	17
1570	14
1571	10
1572	8
1573	8
1574	20
1575	9
1576	9
1577	21
1578	7
1579	13
1580	11
1581	8
1582	13
1583	9
1584	11
1585	10
1586	9
1587	5
1588	9
1589	14
1590	11
1591	14
1592	8
1593	9
1594	6
1595	17
1596	17
1597	12
1598	20
1599	16
1600	2
1601	8
1602	11
1603	12
1604	16
1605	7
1606	12
1607	6
1608	7
1609	8
1610	10
1611	8
1612	18
1613	10
1614	11
1615	19
1616	16
1617	11
1618	9
1619	12
1620	12
1621	10
1622	9
1623	7
1624	11
1625	9
1626	4
1627	15
1628	12
1629	6
1630	13
1631	11
1632	12
1633	8
1634	5
1635	6
1636	10
1637	2
1638	11
1639	18
1640	14
1641	12
1642	9
1643	12
1644	22
1645	11
1646	11
1647	14
1648	6
1649	5
1650	10
1651	8
1652	7
1653	17
1654	14
1655	6
1656	7
1657	10
1658	5
1659	10
1660	15
1661	7
1662	12
1663	12
1664	2
1665	5
1666	10
1667	6
1668	11
1669	12
1670	4
1671	11
1672	11
1673	9
1674	13
1675	10
1676	15
1677	10
1678	5
1679	10
1680	6
1681	7
1682	9
1683	6
1684	10
1685	8
1686	10
1687	3
1688	10
1689	8
1690	8
1691	12
1692	8
1693	10
1694	7
1695	10
1696	5
1697	12
1698	14
1699	10
1700	10
1701	7
1702	11
1703	6
1704	9
1705	13
1706	12
1707	10
1708	9
1709	8
1710	6
1711	13
1712	8
1713	9
1714	10
1715	9
1716	16
1717	6
1718	18
1719	13
1720	7
1721	5
1722	8
1723	12
1724	7
1725	5
1726	13
1727	13
1728	6
1729	5
1730	11
1731	16
1732	17
1733	7
1734	10
1735	4
1736	10
1737	17
1738	6
1739	12
1740	4
1741	6
1742	12
1743	8
1744	5
1745	6
1746	11
1747	8
1748	8
1749	15
1750	16
1751	4
1752	11
1753	11
1754	4
1755	12
1756	11
1757	9
1758	11
1759	12
1760	5
1761	10
1762	9
1763	11
1764	13
1765	6
1766	16
1767	5
1768	9
1769	14
1770	7
1771	7
1772	10
1773	7
1774	10
1775	7
1776	7
1777	9
1778	9
1779	10
1780	9
1781	7
1782	13
1783	10
1784	7
1785	6
1786	9
1787	11
1788	7
1789	10
1790	8
1791	14
1792	7
1793	5
1794	10
1795	10
1796	7
1797	7
1798	13
1799	5
1800	8
1801	6
1802	9
1803	9
1804	8
1805	8
1806	6
1807	8
1808	8
1809	8
1810	7
1811	8
1812	6
1813	13
1814	12
1815	7
1816	4
1817	8
1818	10
1819	9
1820	11
1821	1
1822	8
1823	5
1824	9
1825	11
1826	6
1827	11
1828	7
1829	5
1830	4
1831	10
1832	7
1833	7
1834	7
1835	9
1836	5
1837	7
1838	4
1839	6
1840	7
1841	7
1842	10
1843	13
1844	13
1845	3
1846	12
1847	8
1848	9
1849	6
1850	6
1851	4
1852	5
1853	11
1854	10
1855	12
1856	3
1857	14
1858	14
1859	6
1860	12
1861	5
1862	10
1863	8
1864	9
1865	12
1866	4
1867	7
1868	5
1869	13
1870	10
1871	5
1872	10
1873	5
1874	10
1875	6
1876	9
1877	10
1878	12
1879	3
1880	10
1881	11
1882	9
1883	8
1884	2
1885	9
1886	3
1887	5
1888	8
1889	7
1890	8
1891	7
1892	7
1893	6
1894	6
1895	8
1896	7
1897	9
1898	7
1899	7
1900	12
1901	11
1902	7
1903	11
1904	9
1905	6
1906	4
1907	11
1908	12
1909	9
1910	11
1911	6
1912	8
1913	9
1914	6
1915	4
1916	10
1917	10
1918	5
1919	5
1920	10
1921	9
1922	4
1923	8
1924	11
1925	2
1926	14
1927	5
1928	3
1929	9
1930	4
1931	6
1932	18
1933	5
1934	7
1935	7
1936	12
1937	7
1938	3
1939	5
1940	11
1941	9
1942	10
1943	12
1944	5
1945	9
1946	9
1947	14
1948	10
1949	10
1950	12
1951	15
1952	10
1953	13
1954	8
1955	7
1956	8
1957	9
1958	7
1959	5
1960	5
1961	16
1962	10
1963	7
1964	9
1965	7
1966	10
1967	11
1968	10
1969	7
1970	11
1971	11
1972	10
1973	7
1974	21
1975	9
1976	14
1977	23
1978	18
1979	22
1980	18
1981	21
1982	28
1983	21
1984	23
1985	22
1986	25
1987	19
1988	30
1989	18
1990	34
1991	14
1992	42
1993	39
1994	41
1995	33
1996	45
1997	34
1998	35
1999	30
2000	46
2001	48
2002	54
2003	62
2004	61
2005	39
2006	61
2007	35
2008	57
2009	67
2010	57
2011	52
2012	62
2013	51
2014	82
2015	70
2016	69
2017	66
2018	70
2019	56
2020	85
2021	45
2022	97
2023	53
2024	69
2025	72
2026	67
2027	56
2028	97
2029	57
2030	86
2031	51
2032	52
2033	53
2034	72
2035	68
2036	68
2037	54
2038	62
2039	38
2040	36
2041	67
2042	49
2043	64
2044	50
2045	41
2046	52
2047	66
2048	25
2049	45
2050	44
2051	40
2052	54
2053	47
2054	31
2055	41
2056	34
2057	39
2058	35
2059	37
2060	29
2061	30
2062	29
2063	15
2064	18
2065	20
2066	23
2067	27
2068	17
2069	22
2070	25
2071	9
2072	10
2073	16
2074	10
2075	8
2076	19
2077	14
2078	10
2079	11
2080	10
2081	9
2082	11
2083	4
2084	12
2085	7
2086	10
2087	10
2088	6
2089	6
2090	5
2091	3
2092	4
2093	8
2094	10
2095	6
2096	2
2097	8
2098	7
2099	5
2100	3
2101	7
2102	9
2103	6
2104	5
2105	5
2106	4
2107	4
2108	5
2109	8
2110	7
2111	10
2112	5
2113	7
2114	6
2115	9
2116	7
2117	3
2118	5
2119	3
2120	3
2121	6
2122	5
2123	6
2124	6
2125	3
2126	7
2127	11
2128	4
2129	7
2130	6
2131	2
2132	7
2133	4
2134	2
2135	3
2136	7
2137	1
2138	4
2139	6
2140	5
2141	6
2142	3
2143	8
2144	6
2145	9
2146	5
2147	9
2148	3
2149	5
2150	4
2151	2
2152	2
2153	6
2154	3
2155	6
2156	3
2157	3
2158	4
2159	8
2160	7
2161	4
2162	0
2163	5
2164	7
2165	2
2166	3
2167	6
2168	3
2169	8
2170	5
2171	6
2172	5
2173	7
2174	4
2175	6
2176	5
2177	2
2178	2
2179	8
2180	8
2181	7
2182	8
2183	2
2184	3
2185	4
2186	2
2187	7
2188	5
2189	5
2190	7
2191	6
2192	4
2193	0
2194	6
2195	3
2196	4
2197	5
2198	3
2199	3
2200	1
2201	3
2202	2
2203	1
2204	2
2205	8
2206	5
2207	7
2208	6
2209	5
2210	3
2211	2
2212	4
2213	6
2214	3
2215	4
2216	7
2217	7
2218	4
2219	4
2220	11
2221	5
2222	3
2223	4
2224	2
2225	7
2226	5
2227	4
2228	4
2229	4
2230	2
2231	4
2232	3
2233	4
2234	9
2235	6
2236	5
2237	6
2238	5
2239	5
2240	9
2241	3
2242	6
2243	6
2244	5
2245	9
2246	9
2247	6
2248	7
2249	7
2250	10
2251	9
2252	7
2253	2
2254	6
2255	10
2256	8
2257	8
2258	10
2259	14
2260	7
2261	8
2262	10
2263	3
2264	8
2265	9
2266	4
2267	10
2268	12
2269	12
2270	13
2271	16
2272	11
2273	8
2274	17
2275	15
2276	9
2277	9
2278	20
2279	14
2280	9
2281	15
2282	7
2283	14
2284	15
2285	11
2286	9
2287	13
2288	12
2289	17
2290	20
2291	13
2292	12
2293	9
2294	16
2295	13
2296	13
2297	21
2298	15
2299	15
2300	10
2301	14
2302	14
2303	16
2304	12
2305	9
2306	6
2307	12
2308	13
2309	8
2310	10
2311	6
2312	7
2313	17
2314	10
2315	9
2316	18
2317	8
2318	10
2319	9
2320	7
2321	13
2322	11
2323	8
2324	6
2325	8
2326	8
2327	7
2328	6
2329	9
2330	3
2331	11
2332	6
2333	3
2334	4
2335	8
2336	7
2337	5
2338	2
2339	5
2340	4
2341	8
2342	5
2343	6
2344	2
2345	3
2346	0
2347	3
2348	5
2349	2
2350	7
2351	4
2352	6
2353	1
2354	1
2355	3
2356	3
2357	5
2358	5
2359	4
2360	4
2361	6
2362	6
2363	4
2364	8
2365	5
2366	2
2367	0
2368	2
2369	5
2370	4
2371	3
2372	3
2373	2
2374	5
2375	3
2376	3
2377	5
2378	2
2379	7
2380	5
2381	4
2382	2
2383	5
2384	1
2385	3
2386	5
2387	2
2388	1
2389	2
2390	1
2391	2
2392	1
2393	1
2394	3
2395	4
2396	5
2397	2
2398	1
2399	2
2400	1
2401	4
2402	1
2403	1
2404	3
2405	3
2406	4
2407	7
2408	2
2409	0
2410	3
2411	4
2412	4
2413	2
2414	2
2415	3
2416	3
2417	1
2418	6
2419	5
2420	2
2421	1
2422	3
2423	2
2424	1
2425	2
2426	2
2427	3
2428	2
2429	2
2430	1
2431	2
2432	2
2433	4
2434	1
2435	1
2436	6
2437	3
2438	2
2439	3
2440	1
2441	8
2442	2
2443	2
2444	3
2445	2
2446	6
2447	1
2448	1
2449	4
2450	2
2451	2
2452	4
2453	3
2454	2
2455	1
2456	4
2457	3
2458	1
2459	6
2460	2
2461	1
2462	2
2463	5
2464	6
2465	2
2466	5
2467	1
2468	4
2469	2
2470	2
2471	3
2472	0
2473	1
2474	1
2475	2
2476	1
2477	3
2478	3
2479	1
2480	1
2481	2
2482	1
2483	1
2484	3
2485	1
2486	3
2487	0
2488	0
2489	3
2490	2
2491	1
2492	6
2493	4
2494	4
2495	4
2496	1
2497	1
2498	1
2499	4
2500	0
2501	4
2502	4
2503	1
2504	5
2505	3
2506	6
2507	1
2508	3
2509	1
2510	5
2511	3
2512	3
2513	0
2514	0
2515	5
2516	4
2517	4
2518	4
2519	5
2520	1
2521	1
2522	1
2523	2
2524	3
2525	2
2526	1
2527	1
2528	6
2529	6
2530	1
2531	2
2532	2
2533	2
2534	2
2535	4
2536	3
2537	4
2538	0
2539	0
2540	2
2541	1
2542	4
2543	2
2544	2
2545	5
2546	4
2547	1
2548	1
2549	3
2550	2
2551	1
2552	1
2553	2
2554	1
2555	3
2556	3
2557	4
2558	4
2559	4
2560	6
2561	1
2562	0
2563	5
2564	0
2565	5
2566	6
2567	0
2568	1
2569	3
2570	4
2571	4
2572	2
2573	4
2574	5
2575	2
2576	5
2577	5
2578	3
2579	1
2580	4
2581	2
2582	1
2583	3
2584	4
2585	5
2586	3
2587	4
2588	2
2589	4
2590	2
2591	0
2592	2
2593	2
2594	3
2595	3
2596	5
2597	4
2598	4
2599	4
2600	0
2601	5
2602	2
2603	0
2604	2
2605	1
2606	1
2607	1
2608	1
2609	1
2610	4
2611	4
2612	1
2613	3
2614	4
2615	2
2616	5
2617	2
2618	1
2619	2
2620	3
2621	2
2622	3
2623	3
2624	3
2625	2
2626	4
2627	3
2628	3
2629	1
2630	6
2631	4
2632	1
2633	3
2634	4
2635	2
2636	5
2637	2
2638	0
2639	2
2640	6
2641	1
2642	2
2643	4
2644	1
2645	5
2646	2
2647	0
2648	1
2649	4
2650	0
2651	2
2652	1
2653	1
2654	3
2655	0
2656	1
2657	1
2658	3
2659	1
2660	5
2661	0
2662	3
2663	3
2664	2
2665	2
2666	3
2667	1
2668	2
2669	2
2670	1
2671	1
2672	2
2673	1
2674	1
2675	1
2676	2
2677	2
2678	3
2679	3
2680	2
2681	1
2682	1
2683	4
2684	2
2685	1
2686	1
2687	0
2688	0
2689	1
2690	1
2691	2
2692	5
2693	0
2694	3
2695	0
2696	3
2697	0
2698	3
2699	0
2700	5
2701	1
2702	1
2703	3
2704	0
2705	0
2706	4
2707	1
2708	3
2709	4
2710	4
2711	4
2712	2
2713	2
2714	0
2715	1
2716	6
2717	0
2718	1
2719	2
2720	1
2721	0
2722	0
2723	1
2724	2
2725	2
2726	1
2727	1
2728	1
2729	2
2730	1
2731	2
2732	3
2733	0
2734	2
2735	0
2736	1
2737	3
2738	2
2739	1
2740	2
2741	3
2742	3
2743	0
2744	0
2745	2
2746	1
2747	5
2748	0
2749	1
2750	1
2751	3
2752	2
2753	0
2754	1
2755	1
2756	4
2757	2
2758	3
2759	2
2760	2
2761	1
2762	2
2763	0
2764	4
2765	0
2766	3
2767	2
2768	2
2769	0
2770	3
2771	2
2772	3
2773	1
2774	2
2775	3
2776	0
2777	2
2778	1
2779	3
2780	0
2781	1
2782	0
2783	3
2784	1
2785	2
2786	1
2787	4
2788	3
2789	1
2790	0
2791	1
2792	2
2793	4
2794	0
2795	2
2796	1
2797	2
2798	5
2799	1
2800	5
2801	0
2802	2
2803	1
2804	1
2805	3
2806	2
2807	1
2808	1
2809	0
2810	2
2811	5
2812	0
2813	1
2814	0
2815	3
2816	2
2817	2
2818	2
2819	3
2820	0
2821	3
2822	1
2823	3
2824	1
2825	1
2826	0
2827	2
2828	1
2829	2
2830	3
2831	0
2832	2
2833	1
2834	5
2835	1
2836	1
2837	0
2838	0
2839	3
2840	0
2841	2
2842	1
2843	0
2844	2
2845	1
2846	0
2847	0
2848	1
2849	2
2850	0
2851	0
2852	3
2853	4
2854	3
2855	2
2856	1
2857	1
2858	0
2859	4
2860	3
2861	0
2862	2
2863	3
2864	2
2865	1
2866	1
2867	2
2868	2
2869	0
2870	2
2871	0
2872	0
2873	2
2874	1
2875	1
2876	1
2877	1
2878	2
2879	0
2880	1
2881	1
2882	4
2883	1
2884	2
2885	2
2886	3
2887	0
2888	0
2889	2
2890	1
2891	0
2892	1
2893	1
2894	1
2895	2
2896	1
2897	1
2898	3
2899	2
2900	2
2901	0
2902	1
2903	2
2904	3
2905	0
2906	2
2907	1
2908	2
2909	4
2910	2
2911	3
2912	0
2913	1
2914	0
2915	0
2916	1
2917	0
2918	2
2919	0
2920	2
2921	0
2922	0
2923	0
2924	0
2925	0
2926	1
2927	0
2928	3
2929	0
2930	2
2931	0
2932	3
2933	1
2934	3
2935	2
2936	3
2937	2
2938	0
2939	1
2940	1
2941	3
2942	2
2943	0
2944	1
2945	1
2946	1
2947	3
2948	1
2949	0
2950	0
2951	1
2952	1
2953	0
2954	1
2955	2
2956	1
2957	2
2958	3
2959	0
2960	1
2961	2
2962	2
2963	1
2964	1
2965	0
2966	4
2967	2
2968	1
2969	2
2970	0
2971	0
2972	2
2973	6
2974	0
2975	4
2976	2
2977	1
2978	1
2979	0
2980	2
2981	0
2982	0
2983	1
2984	1
2985	2
2986	0
2987	1
2988	2
2989	0
2990	3
2991	1
2992	2
2993	4
2994	1
2995	1
2996	1
2997	0
2998	0
2999	2
3000	0
3001	2
3002	2
3003	3
3004	1
3005	0
3006	1
3007	0
3008	0
3009	1
3010	0
3011	1
3012	0
3013	2
3014	2
3015	1
3016	0
3017	1
3018	1
3019	1
3020	0
3021	0
3022	3
3023	2
3024	0
3025	0
3026	2
3027	2
3028	0
3029	1
3030	0
3031	1
3032	0
3033	0
3034	1
3035	1
3036	0
3037	0
3038	0
3039	2
3040	2
3041	2
3042	0
3043	1
3044	1
3045	0
3046	1
3047	0
3048	1
3049	1
3050	2
3051	0
3052	1
3053	2
3054	1
3055	0
3056	0
3057	0
3058	1
3059	0
3060	1
3061	1
3062	1
3063	1
3064	0
3065	2
3066	1
3067	2
3068	0
3069	1
3070	2
3071	1
3072	0
3073	1
3074	1
3075	2
3076	1
3077	0
3078	2
3079	0
3080	1
3081	1
3082	1
3083	1
3084	2
3085	5
3086	0
3087	1
3088	1
3089	1
3090	0
3091	1
3092	0
3093	0
3094	0
3095	1
3096	2
3097	0
3098	1
3099	3
3100	0
3101	1
3102	1
3103	0
3104	1
3105	1
3106	4
3107	1
3108	1
3109	1
3110	0
3111	1
3112	1
3113	0
3114	0
3115	0
3116	0
3117	3
3118	1
3119	0
3120	2
3121	0
3122	1
3123	1
3124	1
3125	1
3126	1
3127	0
3128	0
3129	1
3130	1
3131	2
3132	1
3133	0
3134	0
3135	0
3136	1
3137	1
3138	0
3139	0
3140	0
3141	0
3142	3
3143	0
3144	0
3145	3
3146	2
3147	0
3148	0
3149	0
3150	1
3151	1
3152	1
3153	2
3154	2
3155	1
3156	2
3157	1
3158	1
3159	0
3160	1
3161	1
3162	1
3163	3
3164	0
3165	1
3166	1
3167	0
3168	0
3169	1
3170	0
3171	1
3172	0
3173	2
3174	0
3175	0
3176	0
3177	3
3178	0
3179	1
3180	0
3181	0
3182	1
3183	2
3184	3
3185	0
3186	1
3187	0
3188	0
3189	0
3190	0
3191	0
3192	1
3193	0
3194	1
3195	1
3196	0
3197	2
3198	1
3199	2
3200	1
3201	0
3202	1
3203	0
3204	1
3205	0
3206	1
3207	0
3208	1
3209	2
3210	1
3211	1
3212	3
3213	0
3214	0
3215	0
3216	3
3217	1
3218	1
3219	1
3220	1
3221	3
3222	0
3223	0
3224	1
3225	0
3226	0
3227	0
3228	0
3229	1
3230	2
3231	0
3232	1
3233	0
3234	1
3235	0
3236	0
3237	0
3238	0
3239	1
3240	0
3241	3
3242	1
3243	0
3244	1
3245	1
3246	0
3247	0
3248	0
3249	0
3250	1
3251	2
3252	2
3253	0
3254	2
3255	1
3256	0
3257	0
3258	0
3259	0
3260	0
3261	2
3262	0
3263	0
3264	0
3265	2
3266	0
3267	0
3268	2
3269	0
3270	0
3271	0
3272	1
3273	0
3274	0
3275	1
3276	0
3277	3
3278	0
3279	1
3280	0
3281	1
3282	0
3283	1
3284	0
3285	2
3286	0
3287	0
3288	2
3289	0
3290	1
3291	1
3292	0
3293	1
3294	1
3295	2
3296	0
3297	0
3298	1
3299	2
3300	2
3301	1
3302	2
3303	0
3304	1
3305	0
3306	2
3307	0
3308	0
3309	0
3310	0
3311	0
3312	1
3313	1
3314	0
3315	1
3316	1
3317	0
3318	0
3319	0
3320	0
3321	1
3322	0
3323	2
3324	0
3325	1
3326	0
3327	0
3328	0
3329	0
3330	0
3331	1
3332	0
3333	0
3334	0
3335	0
3336	1
3337	2
3338	0
3339	0
3340	0
3341	0
3342	0
3343	0
3344	0
3345	0
3346	0
3347	1
3348	0
3349	0
3350	0
3351	0
3352	0
3353	0
3354	0
3355	0
3356	0
3357	0
3358	0
3359	0
3360	0
3361	0
3362	0
3363	1
3364	0
3365	0
3366	2
3367	2
3368	0
3369	1
3370	1
3371	1
3372	1
3373	0
3374	0
3375	1
3376	0
3377	0
3378	0
3379	1
3380	0
3381	0
3382	0
3383	0
3384	0
3385	2
3386	2
3387	1
3388	0
3389	0
3390	1
3391	0
3392	0
3393	1
3394	1
3395	0
3396	1
3397	0
3398	0
3399	0
3400	1
3401	0
3402	0
3403	1
3404	2
3405	1
3406	0
3407	1
3408	0
3409	0
3410	0
3411	2
3412	0
3413	1
3414	1
3415	1
3416	0
3417	1
3418	0
3419	0
3420	0
3421	1
3422	3
3423	1
3424	0
3425	0
3426	0
3427	0
3428	0
3429	0
3430	1
3431	0
3432	0
3433	1
3434	2
3435	0
3436	1
3437	0
3438	2
3439	0
3440	0
3441	0
3442	2
3443	0
3444	0
3445	0
3446	0
3447	0
3448	0
3449	0
3450	0
3451	1
3452	0
3453	1
3454	0
3455	1
3456	1
3457	1
3458	0
3459	0
3460	3
3461	0
3462	0
3463	1
3464	1
3465	0
3466	2
3467	0
3468	2
3469	0
3470	2
3471	0
3472	0
3473	0
3474	1
3475	0
3476	0
3477	0
3478	0
3479	0
3480	1
3481	0
3482	0
3483	1
3484	0
3485	0
3486	0
3487	0
3488	0
3489	0
3490	0
3491	0
3492	1
3493	0
3494	1
3495	0
3496	1
3497	1
3498	1
3499	0
3500	0
3501	0
3502	1
3503	0
3504	1
3505	0
3506	0
3507	1
3508	0
3509	0
3510	0
3511	0
3512	1
3513	0
3514	0
3515	1
3516	0
3517	0
3518	0
3519	0
3520	0
3521	0
3522	0
3523	1
3524	2
3525	0
3526	1
3527	0
3528	1
3529	2
3530	0
3531	0
3532	2
3533	0
3534	0
3535	0
3536	1
3537	0
3538	1
3539	1
3540	0
3541	0
3542	1
3543	0
3544	1
3545	2
3546	0
3547	0
3548	0
3549	0
3550	1
3551	0
3552	0
3553	0
3554	1
3555	3
3556	0
3557	0
3558	0
3559	0
3560	0
3561	0
3562	1
3563	1
3564	1
3565	0
3566	0
3567	0
3568	0
3569	0
3570	0
3571	0
3572	0
3573	1
3574	1
3575	0
3576	0
3577	1
3578	0
3579	0
3580	0
3581	0
3582	0
3583	0
3584	0
3585	1
3586	1
3587	0
3588	0
3589	0
3590	0
3591	0
3592	0
3593	1
3594	1
3595	0
3596	0
3597	0
3598	0
3599	0
3600	1
3601	0
3602	1
3603	0
3604	0
3605	1
3606	1
3607	0
3608	0
3609	0
3610	0
3611	0
3612	0
3613	1
3614	1
3615	0
3616	0
3617	0
3618	0
3619	1
3620	0
3621	0
3622	1
3623	0
3624	0
3625	0
3626	0
3627	0
3628	1
3629	0
3630	0
3631	0
3632	0
3633	1
3634	1
3635	0
3636	0
3637	0
3638	0
3639	0
3640	0
3641	0
3642	0
3643	0
3644	0
3645	0
3646	0
3647	1
3648	0
3649	0
3650	0
3651	0
3652	0
3653	0
3654	0
3655	0
3656	0
3657	0
3658	1
3659	0
3660	0
3661	1
3662	0
3663	1
3664	0
3665	0
3666	0
3667	0
3668	0
3669	0
3670	0
3671	0
3672	0
3673	1
3674	1
3675	0
3676	0
3677	0
3678	0
3679	0
3680	0
3681	0
3682	1
3683	0
3684	1
3685	0
3686	1
3687	0
3688	0
3689	1
3690	0
3691	0
3692	1
3693	0
3694	1
3695	0
3696	0
3697	0
3698	0
3699	0
3700	0
3701	0
3702	1
3703	0
3704	0
3705	0
3706	0
3707	0
3708	0
3709	0
3710	0
3711	0
3712	1
3713	0
3714	1
3715	0
3716	1
3717	0
3718	0
3719	0
3720	0
3721	0
3722	1
3723	0
3724	0
3725	0
3726	1
3727	0
3728	0
3729	1
3730	0
3731	0
3732	0
3733	0
3734	0
3735	0
3736	1
3737	0
3738	0
3739	0
3740	1
3741	0
3742	0
3743	0
3744	1
3745	0
3746	0
3747	0
3748	0
3749	0
3750	0
3751	0
3752	1
3753	1
3754	0
3755	0
3756	0
3757	0
3758	1
3759	0
3760	0
3761	0
3762	1
3763	0
3764	0
3765	0
3766	0
3767	0
3768	0
3769	0
3770	0
3771	0
3772	0
3773	0
3774	0
3775	1
3776	0
3777	0
3778	0
3779	1
3780	0
3781	0
3782	0
3783	0
3784	0
3785	0
3786	0
3787	0
3788	0
3789	0
3790	0
3791	0
3792	0
3793	0
3794	0
3795	0
3796	0
3797	0
3798	1
3799	0
3800	0
3801	0
3802	0
3803	0
3804	0
3805	0
3806	1
3807	0
3808	1
3809	0
3810	0
3811	1
3812	0
3813	0
3814	0
3815	0
3816	1
3817	0
3818	0
3819	0
3820	0
3821	0
3822	0
3823	0
3824	0
3825	0
3826	0
3827	0
3828	0
3829	0
3830	0
3831	0
3832	0
3833	1
3834	0
3835	0
3836	0
3837	0
3838	0
3839	0
3840	0
3841	1
3842	0
3843	0
3844	1
3845	0
3846	1
3847	0
3848	0
3849	1
3850	0
3851	0
3852	0
3853	0
3854	0
3855	0
3856	0
3857	0
3858	0
3859	0
3860	0
3861	0
3862	0
3863	0
3864	0
3865	0
3866	1
3867	0
3868	0
3869	0
3870	1
3871	0
3872	0
3873	0
3874	0
3875	0
3876	0
3877	0
3878	0
3879	0
3880	0
3881	0
3882	0
3883	0
3884	0
3885	0
3886	0
3887	0
3888	0
3889	0
3890	0
3891	0
3892	0
3893	0
3894	0
3895	0
3896	1
3897	0
3898	0
3899	0
3900	0
3901	0
3902	0
3903	0
3904	1
3905	0
3906	0
3907	0
3908	1
3909	0
3910	1
3911	0
3912	0
3913	0
3914	0
3915	0
3916	0
3917	0
3918	0
3919	0
3920	0
3921	0
3922	0
3923	1
3924	0
3925	0
3926	0
3927	0
3928	1
3929	1
3930	0
3931	1
3932	0
3933	0
3934	0
3935	0
3936	0
3937	0
3938	0
3939	0
3940	0
3941	1
3942	0
3943	0
3944	0
3945	0
3946	0
3947	0
3948	0
3949	1
3950	0
3951	0
3952	1
3953	0
3954	0
3955	0
3956	0
3957	0
3958	0
3959	0
3960	1
3961	0
3962	0
3963	0
3964	0
3965	0
3966	0
3967	0
3968	1
3969	0
3970	0
3971	0
3972	0
3973	0
3974	0
3975	0
3976	0
3977	0
3978	0
3979	0
3980	0
3981	0
3982	0
3983	0
3984	0
3985	0
3986	0
3987	1
3988	0
3989	0
3990	0
3991	0
3992	0
3993	0
3994	0
3995	0
3996	0
3997	0
3998	1
3999	0
4000	0
