Channel number	Impulses
Channel/#	Impulses/#

0	0
1	0
2	0
3	0
4	0
5	0
6	0
7	0
8	0
9	0
10	0
11	0
12	0
13	0
14	0
15	0
16	0
17	0
18	0
19	0
20	0
21	0
22	0
23	0
24	0
25	0
26	0
27	0
28	0
29	0
30	0
31	0
32	0
33	0
34	0
35	0
36	0
37	0
38	0
39	0
40	0
41	0
42	0
43	0
44	0
45	0
46	0
47	0
48	0
49	0
50	0
51	1
52	0
53	0
54	2
55	2
56	3
57	7
58	7
59	4
60	5
61	4
62	9
63	5
64	2
65	4
66	2
67	6
68	5
69	5
70	5
71	6
72	3
73	6
74	4
75	9
76	2
77	1
78	5
79	7
80	3
81	8
82	6
83	8
84	3
85	5
86	6
87	1
88	2
89	4
90	3
91	5
92	7
93	3
94	7
95	8
96	5
97	6
98	5
99	4
100	9
101	5
102	8
103	8
104	1
105	3
106	4
107	4
108	9
109	6
110	3
111	4
112	6
113	4
114	4
115	3
116	5
117	6
118	5
119	3
120	7
121	6
122	2
123	4
124	1
125	3
126	2
127	4
128	4
129	0
130	2
131	4
132	3
133	5
134	5
135	3
136	3
137	5
138	4
139	1
140	5
141	3
142	2
143	4
144	6
145	4
146	5
147	4
148	2
149	2
150	0
151	1
152	2
153	5
154	3
155	4
156	6
157	6
158	3
159	5
160	3
161	3
162	5
163	2
164	3
165	5
166	6
167	3
168	5
169	6
170	3
171	2
172	6
173	2
174	4
175	4
176	2
177	4
178	3
179	5
180	4
181	4
182	5
183	4
184	0
185	6
186	2
187	4
188	3
189	2
190	4
191	6
192	2
193	2
194	4
195	4
196	7
197	5
198	1
199	7
200	4
201	2
202	2
203	4
204	5
205	4
206	3
207	2
208	2
209	5
210	4
211	1
212	7
213	2
214	0
215	2
216	3
217	2
218	5
219	4
220	2
221	0
222	3
223	5
224	5
225	4
226	5
227	4
228	1
229	1
230	5
231	3
232	2
233	3
234	3
235	3
236	5
237	4
238	1
239	2
240	2
241	4
242	4
243	2
244	2
245	5
246	7
247	2
248	1
249	1
250	4
251	3
252	1
253	5
254	3
255	2
256	4
257	0
258	1
259	0
260	5
261	4
262	3
263	3
264	2
265	3
266	3
267	1
268	3
269	0
270	4
271	2
272	1
273	1
274	2
275	2
276	3
277	3
278	2
279	1
280	1
281	1
282	4
283	0
284	3
285	0
286	6
287	3
288	3
289	4
290	2
291	2
292	3
293	0
294	0
295	4
296	1
297	2
298	1
299	1
300	0
301	2
302	5
303	3
304	1
305	4
306	1
307	2
308	0
309	3
310	2
311	2
312	2
313	1
314	2
315	2
316	1
317	2
318	2
319	0
320	0
321	1
322	1
323	1
324	2
325	2
326	0
327	3
328	2
329	2
330	1
331	3
332	4
333	2
334	2
335	3
336	1
337	1
338	4
339	2
340	1
341	1
342	0
343	2
344	1
345	0
346	4
347	2
348	1
349	1
350	3
351	3
352	2
353	4
354	2
355	3
356	0
357	1
358	6
359	3
360	2
361	1
362	0
363	0
364	2
365	0
366	2
367	0
368	2
369	2
370	5
371	1
372	4
373	1
374	1
375	0
376	1
377	0
378	3
379	0
380	2
381	3
382	2
383	3
384	2
385	1
386	1
387	1
388	3
389	2
390	1
391	4
392	2
393	1
394	2
395	2
396	3
397	0
398	0
399	2
400	1
401	2
402	1
403	4
404	1
405	2
406	3
407	1
408	4
409	3
410	1
411	0
412	3
413	0
414	2
415	1
416	2
417	4
418	1
419	1
420	4
421	1
422	3
423	0
424	1
425	3
426	0
427	1
428	1
429	2
430	3
431	2
432	0
433	1
434	3
435	1
436	3
437	3
438	1
439	0
440	1
441	2
442	2
443	0
444	3
445	3
446	1
447	0
448	3
449	2
450	2
451	2
452	3
453	4
454	3
455	1
456	1
457	2
458	3
459	1
460	2
461	1
462	0
463	0
464	2
465	2
466	0
467	4
468	3
469	1
470	2
471	2
472	1
473	4
474	2
475	2
476	3
477	1
478	1
479	1
480	5
481	1
482	3
483	0
484	1
485	2
486	1
487	0
488	0
489	2
490	1
491	0
492	1
493	2
494	1
495	1
496	0
497	1
498	0
499	0
500	1
501	1
502	4
503	2
504	2
505	2
506	4
507	0
508	0
509	2
510	4
511	2
512	0
513	2
514	2
515	1
516	1
517	1
518	1
519	0
520	2
521	2
522	0
523	2
524	1
525	2
526	2
527	3
528	5
529	2
530	3
531	3
532	2
533	7
534	0
535	0
536	4
537	1
538	2
539	3
540	0
541	0
542	2
543	2
544	1
545	2
546	2
547	2
548	1
549	1
550	3
551	1
552	3
553	0
554	2
555	2
556	1
557	1
558	2
559	0
560	2
561	4
562	4
563	1
564	2
565	2
566	1
567	1
568	2
569	3
570	2
571	1
572	4
573	2
574	3
575	2
576	1
577	2
578	0
579	1
580	2
581	3
582	2
583	2
584	0
585	0
586	1
587	0
588	3
589	1
590	1
591	1
592	0
593	0
594	1
595	0
596	0
597	1
598	2
599	1
600	1
601	2
602	0
603	1
604	4
605	0
606	2
607	2
608	3
609	1
610	3
611	4
612	2
613	1
614	2
615	0
616	3
617	0
618	2
619	0
620	3
621	1
622	2
623	1
624	0
625	0
626	2
627	2
628	1
629	0
630	0
631	1
632	3
633	4
634	2
635	3
636	0
637	1
638	0
639	3
640	1
641	2
642	1
643	3
644	2
645	0
646	1
647	1
648	2
649	0
650	1
651	4
652	2
653	1
654	1
655	2
656	1
657	1
658	1
659	1
660	1
661	2
662	1
663	3
664	0
665	2
666	0
667	2
668	1
669	0
670	3
671	2
672	1
673	4
674	2
675	1
676	2
677	0
678	4
679	3
680	1
681	0
682	0
683	3
684	4
685	0
686	2
687	2
688	2
689	1
690	1
691	0
692	1
693	1
694	1
695	2
696	0
697	1
698	3
699	0
700	1
701	0
702	0
703	8
704	1
705	0
706	2
707	0
708	4
709	3
710	1
711	1
712	2
713	1
714	0
715	2
716	1
717	4
718	1
719	2
720	0
721	1
722	1
723	0
724	3
725	0
726	3
727	0
728	0
729	1
730	3
731	0
732	1
733	3
734	1
735	1
736	0
737	2
738	2
739	2
740	2
741	0
742	2
743	2
744	2
745	3
746	3
747	1
748	1
749	3
750	2
751	4
752	1
753	1
754	2
755	0
756	2
757	3
758	2
759	2
760	1
761	5
762	3
763	0
764	1
765	2
766	5
767	3
768	0
769	1
770	1
771	1
772	5
773	3
774	5
775	4
776	1
777	2
778	3
779	2
780	3
781	0
782	5
783	3
784	1
785	4
786	2
787	3
788	5
789	1
790	4
791	3
792	4
793	2
794	1
795	9
796	4
797	1
798	4
799	4
800	4
801	2
802	2
803	3
804	2
805	2
806	5
807	4
808	2
809	6
810	1
811	1
812	4
813	3
814	9
815	6
816	3
817	4
818	1
819	2
820	4
821	2
822	3
823	5
824	2
825	0
826	1
827	1
828	1
829	2
830	1
831	2
832	1
833	4
834	3
835	2
836	5
837	2
838	3
839	0
840	4
841	2
842	4
843	1
844	4
845	0
846	4
847	3
848	3
849	0
850	4
851	2
852	3
853	3
854	3
855	0
856	4
857	6
858	2
859	6
860	8
861	4
862	6
863	6
864	4
865	5
866	1
867	2
868	3
869	1
870	9
871	5
872	5
873	4
874	1
875	1
876	1
877	3
878	4
879	6
880	3
881	6
882	3
883	4
884	2
885	3
886	7
887	5
888	2
889	1
890	4
891	3
892	6
893	2
894	7
895	4
896	0
897	7
898	3
899	5
900	4
901	5
902	7
903	2
904	4
905	1
906	5
907	5
908	7
909	1
910	4
911	3
912	2
913	1
914	2
915	4
916	6
917	0
918	3
919	0
920	3
921	4
922	6
923	5
924	2
925	4
926	5
927	4
928	1
929	0
930	5
931	2
932	10
933	3
934	1
935	1
936	2
937	4
938	2
939	4
940	1
941	2
942	2
943	3
944	3
945	0
946	4
947	4
948	2
949	0
950	5
951	2
952	5
953	2
954	3
955	3
956	4
957	5
958	6
959	6
960	1
961	2
962	0
963	1
964	7
965	7
966	5
967	2
968	3
969	3
970	5
971	2
972	1
973	4
974	4
975	3
976	2
977	0
978	6
979	3
980	2
981	2
982	5
983	1
984	4
985	0
986	3
987	2
988	3
989	2
990	5
991	6
992	4
993	1
994	2
995	3
996	6
997	2
998	2
999	2
1000	1
1001	3
1002	2
1003	3
1004	5
1005	7
1006	0
1007	1
1008	4
1009	1
1010	7
1011	2
1012	1
1013	1
1014	8
1015	2
1016	5
1017	3
1018	3
1019	0
1020	4
1021	3
1022	8
1023	8
1024	0
1025	3
1026	1
1027	1
1028	7
1029	7
1030	1
1031	6
1032	3
1033	3
1034	3
1035	5
1036	2
1037	3
1038	4
1039	3
1040	5
1041	5
1042	5
1043	6
1044	5
1045	5
1046	6
1047	3
1048	3
1049	7
1050	5
1051	5
1052	4
1053	4
1054	6
1055	9
1056	1
1057	5
1058	5
1059	6
1060	5
1061	4
1062	8
1063	4
1064	4
1065	7
1066	3
1067	8
1068	6
1069	4
1070	2
1071	4
1072	3
1073	6
1074	3
1075	9
1076	2
1077	3
1078	4
1079	4
1080	4
1081	1
1082	4
1083	6
1084	2
1085	4
1086	6
1087	6
1088	6
1089	4
1090	6
1091	4
1092	8
1093	6
1094	4
1095	5
1096	1
1097	6
1098	3
1099	5
1100	9
1101	6
1102	4
1103	5
1104	8
1105	1
1106	7
1107	5
1108	7
1109	7
1110	3
1111	3
1112	6
1113	4
1114	3
1115	5
1116	7
1117	7
1118	7
1119	2
1120	4
1121	4
1122	4
1123	7
1124	5
1125	4
1126	7
1127	8
1128	4
1129	7
1130	1
1131	4
1132	7
1133	6
1134	4
1135	6
1136	7
1137	3
1138	8
1139	2
1140	2
1141	4
1142	9
1143	5
1144	4
1145	10
1146	6
1147	4
1148	4
1149	6
1150	5
1151	9
1152	2
1153	1
1154	6
1155	1
1156	3
1157	4
1158	5
1159	5
1160	2
1161	1
1162	6
1163	7
1164	4
1165	1
1166	6
1167	7
1168	4
1169	0
1170	3
1171	10
1172	10
1173	6
1174	9
1175	5
1176	7
1177	4
1178	5
1179	5
1180	5
1181	6
1182	1
1183	10
1184	8
1185	6
1186	6
1187	2
1188	11
1189	3
1190	5
1191	6
1192	6
1193	1
1194	6
1195	4
1196	5
1197	4
1198	5
1199	7
1200	5
1201	7
1202	4
1203	5
1204	6
1205	5
1206	9
1207	1
1208	1
1209	8
1210	4
1211	7
1212	7
1213	3
1214	7
1215	6
1216	6
1217	3
1218	8
1219	3
1220	6
1221	3
1222	4
1223	4
1224	7
1225	7
1226	6
1227	5
1228	9
1229	6
1230	6
1231	4
1232	5
1233	1
1234	7
1235	3
1236	9
1237	4
1238	8
1239	7
1240	5
1241	8
1242	9
1243	9
1244	11
1245	10
1246	14
1247	7
1248	6
1249	3
1250	9
1251	6
1252	7
1253	6
1254	10
1255	6
1256	3
1257	6
1258	8
1259	10
1260	7
1261	4
1262	7
1263	7
1264	7
1265	6
1266	8
1267	4
1268	12
1269	5
1270	4
1271	8
1272	5
1273	4
1274	3
1275	5
1276	11
1277	3
1278	9
1279	12
1280	4
1281	7
1282	8
1283	5
1284	10
1285	4
1286	8
1287	6
1288	2
1289	7
1290	6
1291	8
1292	18
1293	9
1294	6
1295	13
1296	6
1297	6
1298	3
1299	15
1300	4
1301	4
1302	7
1303	5
1304	5
1305	5
1306	7
1307	10
1308	8
1309	8
1310	6
1311	6
1312	6
1313	11
1314	7
1315	4
1316	8
1317	6
1318	8
1319	5
1320	6
1321	11
1322	4
1323	3
1324	7
1325	13
1326	10
1327	8
1328	5
1329	4
1330	7
1331	8
1332	8
1333	9
1334	7
1335	5
1336	6
1337	10
1338	5
1339	6
1340	10
1341	12
1342	7
1343	8
1344	5
1345	9
1346	12
1347	5
1348	11
1349	6
1350	9
1351	6
1352	11
1353	3
1354	4
1355	5
1356	8
1357	7
1358	12
1359	5
1360	6
1361	11
1362	8
1363	13
1364	7
1365	10
1366	7
1367	3
1368	8
1369	5
1370	7
1371	7
1372	4
1373	9
1374	6
1375	3
1376	5
1377	9
1378	4
1379	5
1380	11
1381	6
1382	16
1383	7
1384	14
1385	9
1386	5
1387	3
1388	7
1389	11
1390	8
1391	6
1392	14
1393	5
1394	16
1395	9
1396	11
1397	4
1398	13
1399	10
1400	8
1401	7
1402	10
1403	12
1404	5
1405	6
1406	9
1407	16
1408	5
1409	9
1410	8
1411	5
1412	11
1413	5
1414	7
1415	4
1416	11
1417	13
1418	8
1419	9
1420	13
1421	9
1422	8
1423	6
1424	8
1425	7
1426	9
1427	10
1428	13
1429	6
1430	10
1431	6
1432	9
1433	5
1434	12
1435	6
1436	7
1437	5
1438	7
1439	8
1440	7
1441	9
1442	4
1443	4
1444	9
1445	7
1446	5
1447	8
1448	4
1449	5
1450	9
1451	4
1452	9
1453	5
1454	11
1455	9
1456	2
1457	6
1458	8
1459	7
1460	9
1461	6
1462	10
1463	5
1464	5
1465	10
1466	8
1467	11
1468	6
1469	6
1470	13
1471	11
1472	12
1473	10
1474	12
1475	11
1476	10
1477	7
1478	7
1479	7
1480	11
1481	15
1482	6
1483	12
1484	14
1485	10
1486	15
1487	6
1488	8
1489	14
1490	4
1491	10
1492	11
1493	8
1494	17
1495	3
1496	7
1497	9
1498	8
1499	11
1500	6
1501	8
1502	12
1503	8
1504	5
1505	7
1506	11
1507	6
1508	11
1509	7
1510	9
1511	6
1512	6
1513	10
1514	6
1515	9
1516	11
1517	13
1518	7
1519	8
1520	11
1521	6
1522	9
1523	17
1524	15
1525	13
1526	14
1527	8
1528	4
1529	12
1530	11
1531	10
1532	14
1533	15
1534	13
1535	17
1536	4
1537	5
1538	8
1539	5
1540	13
1541	10
1542	16
1543	8
1544	19
1545	11
1546	5
1547	10
1548	10
1549	12
1550	8
1551	8
1552	11
1553	16
1554	3
1555	7
1556	12
1557	8
1558	14
1559	6
1560	6
1561	17
1562	10
1563	9
1564	11
1565	6
1566	8
1567	16
1568	6
1569	11
1570	13
1571	6
1572	10
1573	14
1574	12
1575	10
1576	8
1577	11
1578	19
1579	11
1580	11
1581	10
1582	12
1583	9
1584	9
1585	8
1586	12
1587	10
1588	8
1589	2
1590	11
1591	5
1592	14
1593	10
1594	4
1595	12
1596	8
1597	11
1598	9
1599	12
1600	8
1601	6
1602	6
1603	12
1604	10
1605	11
1606	9
1607	9
1608	11
1609	14
1610	9
1611	10
1612	10
1613	11
1614	11
1615	13
1616	5
1617	17
1618	17
1619	11
1620	7
1621	11
1622	15
1623	4
1624	9
1625	9
1626	5
1627	13
1628	14
1629	12
1630	13
1631	5
1632	7
1633	13
1634	11
1635	11
1636	13
1637	10
1638	14
1639	10
1640	11
1641	17
1642	7
1643	13
1644	10
1645	6
1646	9
1647	11
1648	10
1649	10
1650	11
1651	15
1652	12
1653	8
1654	14
1655	10
1656	6
1657	12
1658	17
1659	18
1660	17
1661	11
1662	8
1663	14
1664	8
1665	8
1666	12
1667	10
1668	14
1669	8
1670	10
1671	5
1672	14
1673	10
1674	10
1675	11
1676	8
1677	14
1678	15
1679	7
1680	9
1681	13
1682	11
1683	14
1684	14
1685	4
1686	12
1687	10
1688	10
1689	10
1690	5
1691	11
1692	16
1693	8
1694	11
1695	11
1696	14
1697	9
1698	13
1699	16
1700	14
1701	4
1702	12
1703	9
1704	8
1705	14
1706	12
1707	14
1708	19
1709	11
1710	11
1711	14
1712	13
1713	12
1714	11
1715	17
1716	8
1717	6
1718	23
1719	4
1720	10
1721	16
1722	12
1723	14
1724	12
1725	4
1726	11
1727	10
1728	14
1729	9
1730	15
1731	13
1732	13
1733	8
1734	9
1735	6
1736	14
1737	8
1738	5
1739	8
1740	6
1741	14
1742	6
1743	13
1744	15
1745	8
1746	7
1747	11
1748	13
1749	12
1750	22
1751	11
1752	15
1753	12
1754	15
1755	13
1756	14
1757	13
1758	9
1759	21
1760	9
1761	9
1762	24
1763	12
1764	13
1765	8
1766	16
1767	11
1768	14
1769	13
1770	13
1771	14
1772	10
1773	16
1774	8
1775	16
1776	13
1777	10
1778	14
1779	12
1780	13
1781	12
1782	13
1783	12
1784	15
1785	20
1786	15
1787	12
1788	18
1789	12
1790	12
1791	20
1792	7
1793	16
1794	14
1795	11
1796	24
1797	13
1798	25
1799	8
1800	22
1801	19
1802	14
1803	15
1804	19
1805	13
1806	20
1807	12
1808	14
1809	16
1810	15
1811	27
1812	17
1813	15
1814	21
1815	6
1816	17
1817	25
1818	27
1819	19
1820	18
1821	25
1822	19
1823	19
1824	25
1825	19
1826	24
1827	14
1828	29
1829	24
1830	24
1831	19
1832	17
1833	27
1834	15
1835	13
1836	29
1837	26
1838	20
1839	22
1840	24
1841	24
1842	18
1843	30
1844	37
1845	27
1846	41
1847	23
1848	22
1849	41
1850	29
1851	32
1852	36
1853	37
1854	39
1855	61
1856	40
1857	37
1858	33
1859	33
1860	56
1861	37
1862	52
1863	35
1864	45
1865	61
1866	43
1867	40
1868	49
1869	44
1870	49
1871	49
1872	41
1873	66
1874	55
1875	56
1876	49
1877	42
1878	76
1879	36
1880	55
1881	67
1882	57
1883	70
1884	66
1885	54
1886	55
1887	63
1888	71
1889	53
1890	74
1891	54
1892	74
1893	47
1894	82
1895	59
1896	60
1897	81
1898	63
1899	64
1900	96
1901	60
1902	54
1903	59
1904	60
1905	53
1906	75
1907	79
1908	75
1909	46
1910	77
1911	50
1912	52
1913	80
1914	55
1915	54
1916	64
1917	50
1918	57
1919	50
1920	58
1921	44
1922	59
1923	50
1924	67
1925	31
1926	68
1927	31
1928	49
1929	55
1930	33
1931	46
1932	46
1933	39
1934	38
1935	28
1936	47
1937	35
1938	26
1939	47
1940	31
1941	33
1942	44
1943	19
1944	32
1945	46
1946	18
1947	40
1948	46
1949	35
1950	25
1951	22
1952	22
1953	21
1954	29
1955	25
1956	37
1957	21
1958	28
1959	25
1960	14
1961	27
1962	24
1963	24
1964	25
1965	24
1966	18
1967	14
1968	24
1969	23
1970	25
1971	14
1972	19
1973	10
1974	26
1975	18
1976	13
1977	29
1978	12
1979	19
1980	11
1981	28
1982	26
1983	10
1984	19
1985	19
1986	23
1987	13
1988	24
1989	15
1990	22
1991	13
1992	13
1993	14
1994	18
1995	21
1996	17
1997	17
1998	20
1999	15
2000	24
2001	22
2002	19
2003	19
2004	26
2005	11
2006	18
2007	16
2008	22
2009	28
2010	17
2011	32
2012	28
2013	23
2014	21
2015	17
2016	21
2017	14
2018	31
2019	25
2020	22
2021	14
2022	27
2023	16
2024	25
2025	19
2026	16
2027	20
2028	33
2029	16
2030	28
2031	18
2032	21
2033	20
2034	22
2035	21
2036	17
2037	15
2038	25
2039	11
2040	19
2041	25
2042	17
2043	15
2044	19
2045	22
2046	19
2047	16
2048	13
2049	16
2050	11
2051	12
2052	20
2053	11
2054	16
2055	16
2056	11
2057	18
2058	17
2059	19
2060	19
2061	17
2062	18
2063	17
2064	16
2065	19
2066	20
2067	16
2068	13
2069	11
2070	16
2071	12
2072	11
2073	14
2074	10
2075	29
2076	11
2077	24
2078	20
2079	20
2080	8
2081	20
2082	19
2083	9
2084	11
2085	20
2086	18
2087	17
2088	18
2089	21
2090	12
2091	14
2092	19
2093	16
2094	15
2095	19
2096	16
2097	21
2098	14
2099	15
2100	27
2101	15
2102	24
2103	13
2104	15
2105	24
2106	20
2107	18
2108	10
2109	20
2110	17
2111	18
2112	12
2113	14
2114	27
2115	11
2116	24
2117	17
2118	18
2119	20
2120	19
2121	25
2122	15
2123	21
2124	16
2125	25
2126	16
2127	31
2128	12
2129	24
2130	23
2131	27
2132	22
2133	22
2134	19
2135	20
2136	11
2137	22
2138	14
2139	17
2140	21
2141	11
2142	23
2143	29
2144	21
2145	17
2146	27
2147	15
2148	25
2149	8
2150	19
2151	19
2152	8
2153	18
2154	18
2155	19
2156	19
2157	25
2158	14
2159	12
2160	11
2161	18
2162	17
2163	18
2164	16
2165	10
2166	17
2167	12
2168	11
2169	24
2170	9
2171	13
2172	14
2173	14
2174	17
2175	11
2176	15
2177	20
2178	15
2179	16
2180	15
2181	16
2182	14
2183	13
2184	11
2185	8
2186	8
2187	10
2188	15
2189	11
2190	11
2191	7
2192	9
2193	9
2194	10
2195	24
2196	7
2197	6
2198	19
2199	9
2200	15
2201	15
2202	8
2203	12
2204	8
2205	13
2206	11
2207	16
2208	6
2209	16
2210	11
2211	12
2212	11
2213	11
2214	12
2215	13
2216	8
2217	9
2218	10
2219	7
2220	11
2221	12
2222	17
2223	12
2224	14
2225	6
2226	7
2227	7
2228	7
2229	9
2230	7
2231	11
2232	9
2233	11
2234	2
2235	9
2236	8
2237	5
2238	11
2239	4
2240	9
2241	8
2242	6
2243	9
2244	5
2245	2
2246	7
2247	6
2248	10
2249	8
2250	4
2251	14
2252	17
2253	10
2254	6
2255	9
2256	1
2257	6
2258	9
2259	6
2260	10
2261	8
2262	9
2263	6
2264	7
2265	9
2266	11
2267	7
2268	8
2269	6
2270	13
2271	9
2272	7
2273	10
2274	12
2275	8
2276	6
2277	14
2278	11
2279	5
2280	8
2281	12
2282	2
2283	12
2284	6
2285	5
2286	8
2287	10
2288	8
2289	9
2290	13
2291	8
2292	7
2293	5
2294	8
2295	6
2296	7
2297	12
2298	2
2299	8
2300	9
2301	13
2302	8
2303	6
2304	7
2305	9
2306	7
2307	6
2308	8
2309	8
2310	10
2311	14
2312	5
2313	9
2314	5
2315	8
2316	6
2317	7
2318	3
2319	11
2320	8
2321	8
2322	7
2323	7
2324	7
2325	6
2326	5
2327	12
2328	2
2329	11
2330	10
2331	9
2332	9
2333	5
2334	8
2335	10
2336	3
2337	8
2338	5
2339	13
2340	11
2341	3
2342	12
2343	6
2344	5
2345	8
2346	2
2347	8
2348	11
2349	6
2350	9
2351	8
2352	3
2353	3
2354	10
2355	12
2356	8
2357	8
2358	6
2359	8
2360	7
2361	12
2362	6
2363	6
2364	5
2365	5
2366	10
2367	6
2368	7
2369	4
2370	12
2371	12
2372	11
2373	0
2374	11
2375	6
2376	7
2377	12
2378	6
2379	7
2380	8
2381	4
2382	4
2383	12
2384	2
2385	6
2386	9
2387	11
2388	10
2389	10
2390	8
2391	6
2392	3
2393	12
2394	4
2395	8
2396	7
2397	6
2398	4
2399	7
2400	7
2401	10
2402	12
2403	7
2404	6
2405	10
2406	6
2407	11
2408	5
2409	13
2410	5
2411	10
2412	8
2413	5
2414	9
2415	12
2416	8
2417	7
2418	11
2419	10
2420	5
2421	6
2422	14
2423	3
2424	12
2425	12
2426	5
2427	8
2428	6
2429	7
2430	8
2431	5
2432	4
2433	4
2434	4
2435	10
2436	9
2437	3
2438	8
2439	4
2440	7
2441	10
2442	5
2443	4
2444	8
2445	7
2446	0
2447	6
2448	6
2449	6
2450	13
2451	9
2452	8
2453	8
2454	5
2455	5
2456	6
2457	8
2458	6
2459	4
2460	6
2461	7
2462	9
2463	8
2464	9
2465	7
2466	10
2467	5
2468	9
2469	7
2470	7
2471	7
2472	9
2473	9
2474	9
2475	4
2476	9
2477	10
2478	7
2479	7
2480	11
2481	7
2482	6
2483	7
2484	11
2485	8
2486	6
2487	3
2488	5
2489	8
2490	3
2491	13
2492	3
2493	8
2494	10
2495	8
2496	9
2497	11
2498	13
2499	8
2500	10
2501	6
2502	16
2503	8
2504	5
2505	7
2506	6
2507	4
2508	10
2509	4
2510	9
2511	4
2512	9
2513	7
2514	2
2515	6
2516	8
2517	10
2518	6
2519	1
2520	6
2521	3
2522	5
2523	8
2524	6
2525	6
2526	8
2527	6
2528	6
2529	8
2530	11
2531	6
2532	6
2533	9
2534	10
2535	10
2536	5
2537	5
2538	9
2539	9
2540	13
2541	8
2542	4
2543	3
2544	4
2545	8
2546	9
2547	6
2548	4
2549	8
2550	12
2551	9
2552	5
2553	12
2554	3
2555	17
2556	7
2557	8
2558	11
2559	5
2560	5
2561	8
2562	4
2563	11
2564	3
2565	11
2566	10
2567	4
2568	5
2569	8
2570	7
2571	10
2572	9
2573	12
2574	10
2575	8
2576	8
2577	7
2578	7
2579	12
2580	14
2581	7
2582	10
2583	12
2584	9
2585	12
2586	4
2587	11
2588	6
2589	16
2590	11
2591	7
2592	11
2593	12
2594	12
2595	9
2596	11
2597	4
2598	13
2599	7
2600	6
2601	15
2602	7
2603	10
2604	11
2605	10
2606	7
2607	9
2608	9
2609	8
2610	13
2611	10
2612	6
2613	10
2614	11
2615	6
2616	3
2617	11
2618	3
2619	13
2620	11
2621	4
2622	6
2623	4
2624	11
2625	7
2626	11
2627	8
2628	8
2629	6
2630	11
2631	5
2632	7
2633	13
2634	6
2635	6
2636	5
2637	8
2638	6
2639	8
2640	7
2641	13
2642	6
2643	9
2644	5
2645	6
2646	14
2647	3
2648	7
2649	11
2650	8
2651	4
2652	3
2653	7
2654	8
2655	8
2656	14
2657	4
2658	7
2659	5
2660	8
2661	3
2662	8
2663	6
2664	3
2665	5
2666	9
2667	7
2668	7
2669	11
2670	4
2671	3
2672	4
2673	8
2674	6
2675	7
2676	7
2677	5
2678	6
2679	5
2680	6
2681	7
2682	4
2683	8
2684	3
2685	1
2686	6
2687	11
2688	7
2689	12
2690	8
2691	14
2692	5
2693	7
2694	4
2695	1
2696	8
2697	5
2698	4
2699	5
2700	8
2701	4
2702	7
2703	4
2704	6
2705	5
2706	6
2707	8
2708	4
2709	2
2710	7
2711	4
2712	5
2713	4
2714	4
2715	6
2716	4
2717	8
2718	5
2719	7
2720	6
2721	7
2722	9
2723	7
2724	6
2725	2
2726	8
2727	2
2728	4
2729	13
2730	3
2731	8
2732	3
2733	3
2734	5
2735	2
2736	9
2737	5
2738	12
2739	6
2740	7
2741	3
2742	5
2743	6
2744	1
2745	15
2746	3
2747	7
2748	9
2749	4
2750	9
2751	5
2752	4
2753	8
2754	7
2755	7
2756	5
2757	2
2758	9
2759	8
2760	8
2761	7
2762	5
2763	6
2764	8
2765	7
2766	3
2767	3
2768	2
2769	9
2770	5
2771	9
2772	2
2773	1
2774	4
2775	3
2776	5
2777	9
2778	6
2779	7
2780	5
2781	4
2782	10
2783	7
2784	6
2785	4
2786	5
2787	2
2788	6
2789	6
2790	7
2791	2
2792	5
2793	7
2794	8
2795	5
2796	2
2797	2
2798	2
2799	3
2800	7
2801	5
2802	5
2803	6
2804	8
2805	7
2806	10
2807	7
2808	4
2809	3
2810	2
2811	9
2812	6
2813	6
2814	8
2815	2
2816	6
2817	4
2818	8
2819	8
2820	4
2821	5
2822	7
2823	0
2824	5
2825	7
2826	9
2827	7
2828	10
2829	6
2830	5
2831	6
2832	6
2833	8
2834	10
2835	7
2836	7
2837	5
2838	1
2839	3
2840	6
2841	2
2842	6
2843	8
2844	10
2845	5
2846	6
2847	2
2848	5
2849	4
2850	3
2851	9
2852	4
2853	9
2854	5
2855	4
2856	2
2857	9
2858	2
2859	6
2860	6
2861	6
2862	3
2863	4
2864	4
2865	4
2866	6
2867	5
2868	3
2869	5
2870	5
2871	5
2872	5
2873	6
2874	3
2875	3
2876	4
2877	10
2878	7
2879	4
2880	3
2881	5
2882	9
2883	7
2884	6
2885	5
2886	4
2887	3
2888	9
2889	8
2890	3
2891	5
2892	6
2893	4
2894	5
2895	5
2896	3
2897	7
2898	8
2899	5
2900	7
2901	5
2902	4
2903	5
2904	8
2905	3
2906	3
2907	6
2908	4
2909	5
2910	6
2911	6
2912	7
2913	3
2914	5
2915	3
2916	6
2917	2
2918	6
2919	2
2920	2
2921	4
2922	4
2923	2
2924	7
2925	8
2926	3
2927	3
2928	1
2929	4
2930	4
2931	10
2932	6
2933	5
2934	6
2935	2
2936	6
2937	7
2938	4
2939	6
2940	3
2941	4
2942	5
2943	3
2944	2
2945	7
2946	10
2947	3
2948	5
2949	1
2950	7
2951	6
2952	2
2953	8
2954	3
2955	7
2956	5
2957	10
2958	1
2959	2
2960	5
2961	6
2962	6
2963	7
2964	5
2965	5
2966	6
2967	3
2968	7
2969	4
2970	4
2971	5
2972	2
2973	4
2974	4
2975	2
2976	6
2977	8
2978	7
2979	7
2980	5
2981	3
2982	6
2983	6
2984	3
2985	7
2986	3
2987	2
2988	4
2989	4
2990	5
2991	3
2992	3
2993	6
2994	5
2995	6
2996	5
2997	2
2998	5
2999	4
3000	3
3001	10
3002	7
3003	2
3004	8
3005	3
3006	3
3007	2
3008	0
3009	5
3010	4
3011	1
3012	9
3013	2
3014	7
3015	0
3016	2
3017	10
3018	3
3019	8
3020	6
3021	6
3022	2
3023	1
3024	3
3025	5
3026	3
3027	3
3028	6
3029	7
3030	3
3031	5
3032	5
3033	4
3034	1
3035	5
3036	2
3037	4
3038	5
3039	2
3040	4
3041	3
3042	4
3043	4
3044	4
3045	2
3046	6
3047	3
3048	4
3049	4
3050	1
3051	2
3052	8
3053	1
3054	1
3055	2
3056	1
3057	5
3058	4
3059	6
3060	4
3061	1
3062	4
3063	5
3064	2
3065	7
3066	4
3067	5
3068	9
3069	1
3070	2
3071	1
3072	8
3073	3
3074	2
3075	4
3076	5
3077	3
3078	4
3079	6
3080	5
3081	4
3082	4
3083	1
3084	7
3085	3
3086	8
3087	4
3088	1
3089	5
3090	4
3091	3
3092	2
3093	3
3094	3
3095	7
3096	4
3097	6
3098	5
3099	4
3100	5
3101	9
3102	2
3103	5
3104	4
3105	5
3106	2
3107	8
3108	2
3109	5
3110	3
3111	1
3112	4
3113	5
3114	1
3115	4
3116	4
3117	3
3118	3
3119	1
3120	6
3121	3
3122	3
3123	1
3124	2
3125	1
3126	4
3127	3
3128	4
3129	2
3130	1
3131	3
3132	0
3133	2
3134	2
3135	4
3136	2
3137	6
3138	3
3139	3
3140	4
3141	2
3142	2
3143	1
3144	2
3145	7
3146	2
3147	3
3148	3
3149	4
3150	3
3151	6
3152	2
3153	3
3154	3
3155	1
3156	4
3157	0
3158	4
3159	5
3160	1
3161	1
3162	2
3163	8
3164	6
3165	8
3166	4
3167	2
3168	1
3169	3
3170	3
3171	0
3172	5
3173	4
3174	4
3175	7
3176	2
3177	1
3178	4
3179	3
3180	5
3181	3
3182	3
3183	2
3184	1
3185	4
3186	1
3187	6
3188	2
3189	2
3190	8
3191	5
3192	3
3193	6
3194	1
3195	3
3196	4
3197	1
3198	3
3199	4
3200	4
3201	6
3202	2
3203	2
3204	2
3205	2
3206	2
3207	3
3208	9
3209	3
3210	5
3211	0
3212	6
3213	3
3214	4
3215	3
3216	2
3217	3
3218	3
3219	5
3220	4
3221	2
3222	4
3223	2
3224	0
3225	4
3226	1
3227	2
3228	3
3229	1
3230	7
3231	5
3232	2
3233	2
3234	7
3235	1
3236	7
3237	3
3238	2
3239	2
3240	5
3241	5
3242	3
3243	3
3244	4
3245	3
3246	2
3247	3
3248	1
3249	4
3250	5
3251	0
3252	2
3253	0
3254	3
3255	3
3256	2
3257	4
3258	6
3259	6
3260	6
3261	2
3262	4
3263	5
3264	4
3265	2
3266	3
3267	3
3268	4
3269	1
3270	3
3271	1
3272	1
3273	5
3274	4
3275	2
3276	2
3277	2
3278	2
3279	3
3280	2
3281	1
3282	4
3283	7
3284	3
3285	4
3286	3
3287	2
3288	2
3289	4
3290	0
3291	5
3292	5
3293	1
3294	3
3295	3
3296	2
3297	3
3298	0
3299	1
3300	5
3301	3
3302	3
3303	2
3304	3
3305	6
3306	2
3307	5
3308	2
3309	3
3310	4
3311	2
3312	3
3313	1
3314	3
3315	3
3316	4
3317	2
3318	4
3319	2
3320	3
3321	0
3322	1
3323	3
3324	3
3325	4
3326	2
3327	4
3328	3
3329	2
3330	0
3331	4
3332	2
3333	1
3334	4
3335	1
3336	2
3337	0
3338	2
3339	2
3340	1
3341	1
3342	0
3343	1
3344	4
3345	2
3346	5
3347	5
3348	2
3349	1
3350	5
3351	0
3352	2
3353	2
3354	3
3355	3
3356	0
3357	1
3358	1
3359	3
3360	1
3361	2
3362	1
3363	4
3364	1
3365	1
3366	2
3367	4
3368	2
3369	5
3370	2
3371	3
3372	1
3373	1
3374	1
3375	0
3376	0
3377	0
3378	4
3379	0
3380	2
3381	0
3382	6
3383	1
3384	3
3385	2
3386	3
3387	1
3388	2
3389	2
3390	4
3391	3
3392	0
3393	3
3394	1
3395	3
3396	2
3397	2
3398	1
3399	1
3400	1
3401	1
3402	3
3403	1
3404	2
3405	0
3406	2
3407	2
3408	0
3409	3
3410	1
3411	4
3412	0
3413	2
3414	4
3415	3
3416	0
3417	1
3418	0
3419	3
3420	5
3421	1
3422	4
3423	0
3424	3
3425	1
3426	0
3427	0
3428	1
3429	1
3430	3
3431	3
3432	1
3433	0
3434	1
3435	0
3436	1
3437	2
3438	1
3439	4
3440	0
3441	1
3442	3
3443	2
3444	1
3445	2
3446	1
3447	4
3448	1
3449	4
3450	1
3451	6
3452	3
3453	2
3454	2
3455	2
3456	4
3457	1
3458	3
3459	0
3460	3
3461	1
3462	1
3463	2
3464	2
3465	3
3466	0
3467	0
3468	5
3469	0
3470	0
3471	2
3472	1
3473	3
3474	3
3475	2
3476	2
3477	1
3478	3
3479	0
3480	1
3481	0
3482	0
3483	2
3484	1
3485	2
3486	1
3487	2
3488	1
3489	1
3490	3
3491	0
3492	1
3493	0
3494	2
3495	1
3496	0
3497	0
3498	0
3499	2
3500	5
3501	2
3502	2
3503	1
3504	1
3505	0
3506	2
3507	4
3508	0
3509	0
3510	3
3511	1
3512	2
3513	1
3514	1
3515	1
3516	2
3517	1
3518	2
3519	0
3520	2
3521	0
3522	1
3523	1
3524	2
3525	2
3526	0
3527	1
3528	0
3529	0
3530	2
3531	1
3532	2
3533	5
3534	1
3535	1
3536	1
3537	3
3538	1
3539	0
3540	1
3541	0
3542	1
3543	1
3544	1
3545	0
3546	1
3547	1
3548	4
3549	1
3550	0
3551	0
3552	0
3553	2
3554	3
3555	1
3556	4
3557	0
3558	0
3559	1
3560	0
3561	0
3562	0
3563	1
3564	1
3565	1
3566	0
3567	0
3568	0
3569	2
3570	1
3571	0
3572	3
3573	0
3574	3
3575	0
3576	0
3577	0
3578	1
3579	1
3580	1
3581	0
3582	0
3583	2
3584	1
3585	1
3586	0
3587	2
3588	1
3589	0
3590	0
3591	0
3592	2
3593	1
3594	0
3595	1
3596	1
3597	0
3598	1
3599	0
3600	1
3601	1
3602	1
3603	0
3604	1
3605	1
3606	0
3607	1
3608	1
3609	0
3610	0
3611	1
3612	0
3613	1
3614	0
3615	0
3616	1
3617	0
3618	1
3619	0
3620	1
3621	1
3622	2
3623	0
3624	1
3625	0
3626	0
3627	0
3628	2
3629	1
3630	1
3631	0
3632	0
3633	1
3634	1
3635	2
3636	1
3637	0
3638	0
3639	0
3640	0
3641	2
3642	0
3643	0
3644	0
3645	0
3646	1
3647	0
3648	0
3649	0
3650	1
3651	4
3652	0
3653	0
3654	0
3655	0
3656	0
3657	0
3658	1
3659	1
3660	0
3661	0
3662	0
3663	0
3664	0
3665	0
3666	0
3667	0
3668	1
3669	1
3670	0
3671	0
3672	0
3673	1
3674	0
3675	0
3676	0
3677	1
3678	0
3679	1
3680	0
3681	0
3682	1
3683	0
3684	0
3685	0
3686	0
3687	0
3688	0
3689	0
3690	0
3691	0
3692	2
3693	0
3694	0
3695	0
3696	2
3697	0
3698	1
3699	0
3700	0
3701	0
3702	0
3703	0
3704	0
3705	0
3706	0
3707	0
3708	0
3709	0
3710	0
3711	0
3712	0
3713	0
3714	0
3715	0
3716	0
3717	0
3718	0
3719	0
3720	0
3721	1
3722	0
3723	0
3724	0
3725	0
3726	0
3727	0
3728	1
3729	0
3730	0
3731	1
3732	0
3733	0
3734	0
3735	1
3736	0
3737	0
3738	1
3739	0
3740	0
3741	1
3742	0
3743	0
3744	1
3745	0
3746	1
3747	0
3748	0
3749	0
3750	0
3751	0
3752	0
3753	0
3754	0
3755	0
3756	2
3757	0
3758	0
3759	1
3760	0
3761	2
3762	0
3763	1
3764	0
3765	0
3766	0
3767	0
3768	0
3769	0
3770	0
3771	0
3772	0
3773	0
3774	0
3775	0
3776	0
3777	0
3778	0
3779	0
3780	0
3781	0
3782	0
3783	0
3784	0
3785	0
3786	0
3787	0
3788	0
3789	0
3790	0
3791	0
3792	0
3793	0
3794	0
3795	1
3796	0
3797	1
3798	1
3799	1
3800	0
3801	1
3802	0
3803	0
3804	0
3805	1
3806	0
3807	0
3808	0
3809	0
3810	0
3811	0
3812	0
3813	0
3814	0
3815	0
3816	0
3817	0
3818	0
3819	0
3820	0
3821	0
3822	0
3823	0
3824	1
3825	0
3826	0
3827	0
3828	0
3829	0
3830	0
3831	0
3832	0
3833	0
3834	1
3835	0
3836	0
3837	0
3838	0
3839	0
3840	0
3841	0
3842	0
3843	0
3844	0
3845	0
3846	0
3847	0
3848	0
3849	0
3850	0
3851	0
3852	0
3853	0
3854	0
3855	0
3856	0
3857	0
3858	0
3859	0
3860	0
3861	0
3862	0
3863	0
3864	0
3865	0
3866	0
3867	0
3868	0
3869	0
3870	0
3871	0
3872	0
3873	0
3874	0
3875	0
3876	0
3877	0
3878	0
3879	0
3880	0
3881	0
3882	0
3883	1
3884	0
3885	0
3886	0
3887	0
3888	0
3889	0
3890	0
3891	0
3892	0
3893	0
3894	0
3895	0
3896	0
3897	0
3898	0
3899	0
3900	0
3901	0
3902	0
3903	0
3904	0
3905	0
3906	0
3907	0
3908	0
3909	0
3910	0
3911	0
3912	0
3913	1
3914	0
3915	0
3916	0
3917	0
3918	0
3919	0
3920	0
3921	0
3922	0
3923	0
3924	0
3925	0
3926	0
3927	0
3928	0
3929	0
3930	0
3931	0
3932	0
3933	0
3934	0
3935	0
3936	0
3937	0
3938	0
3939	0
3940	0
3941	0
3942	0
3943	0
3944	0
3945	0
3946	0
3947	0
3948	0
3949	0
3950	0
3951	0
3952	0
3953	0
3954	0
3955	0
3956	0
3957	0
3958	0
3959	0
3960	0
3961	0
3962	0
3963	0
3964	0
3965	0
3966	0
3967	0
3968	0
3969	0
3970	0
3971	0
3972	0
3973	0
3974	0
3975	0
3976	0
3977	0
3978	0
3979	0
3980	0
3981	0
3982	0
3983	0
3984	0
3985	0
3986	0
3987	0
3988	0
3989	0
3990	0
3991	0
3992	0
3993	0
3994	0
3995	0
3996	0
3997	0
3998	0
3999	0
4000	0
