Channel number	Impulses
Channel/#	Impulses/#

0	0
1	0
2	0
3	0
4	0
5	0
6	0
7	0
8	0
9	0
10	0
11	0
12	0
13	0
14	0
15	0
16	0
17	0
18	0
19	0
20	0
21	0
22	0
23	0
24	0
25	0
26	0
27	0
28	0
29	0
30	0
31	0
32	0
33	0
34	0
35	0
36	0
37	0
38	0
39	0
40	0
41	0
42	0
43	0
44	0
45	0
46	0
47	0
48	0
49	1
50	1
51	0
52	1
53	0
54	2
55	4
56	6
57	3
58	4
59	8
60	6
61	2
62	7
63	10
64	5
65	3
66	4
67	3
68	6
69	1
70	2
71	8
72	4
73	3
74	5
75	7
76	2
77	4
78	6
79	8
80	1
81	3
82	7
83	6
84	2
85	4
86	4
87	2
88	5
89	4
90	3
91	3
92	4
93	4
94	8
95	6
96	3
97	2
98	4
99	7
100	1
101	1
102	6
103	3
104	6
105	2
106	4
107	3
108	2
109	2
110	2
111	8
112	2
113	4
114	4
115	3
116	6
117	0
118	4
119	4
120	6
121	4
122	2
123	5
124	7
125	4
126	4
127	4
128	2
129	6
130	4
131	3
132	7
133	2
134	4
135	2
136	3
137	4
138	4
139	1
140	4
141	3
142	2
143	6
144	4
145	8
146	7
147	3
148	4
149	6
150	5
151	1
152	0
153	2
154	1
155	4
156	4
157	2
158	2
159	2
160	1
161	2
162	3
163	5
164	5
165	7
166	6
167	4
168	1
169	4
170	3
171	0
172	1
173	3
174	2
175	4
176	2
177	3
178	2
179	3
180	2
181	3
182	4
183	1
184	0
185	2
186	1
187	5
188	4
189	2
190	5
191	7
192	1
193	4
194	3
195	4
196	5
197	4
198	1
199	0
200	1
201	3
202	5
203	0
204	4
205	1
206	4
207	2
208	6
209	3
210	1
211	2
212	2
213	3
214	1
215	1
216	4
217	3
218	0
219	1
220	3
221	0
222	3
223	3
224	2
225	1
226	1
227	2
228	2
229	0
230	4
231	0
232	1
233	1
234	1
235	0
236	1
237	4
238	2
239	3
240	2
241	3
242	4
243	1
244	3
245	2
246	1
247	1
248	2
249	2
250	3
251	5
252	1
253	2
254	2
255	2
256	1
257	5
258	2
259	1
260	3
261	1
262	2
263	2
264	2
265	1
266	5
267	1
268	2
269	1
270	1
271	1
272	4
273	2
274	0
275	0
276	2
277	3
278	2
279	1
280	3
281	2
282	2
283	1
284	0
285	2
286	2
287	0
288	0
289	0
290	0
291	2
292	0
293	3
294	2
295	2
296	0
297	1
298	1
299	0
300	4
301	3
302	4
303	1
304	2
305	3
306	2
307	0
308	4
309	0
310	2
311	0
312	1
313	2
314	3
315	1
316	2
317	3
318	1
319	3
320	0
321	2
322	2
323	2
324	1
325	2
326	0
327	2
328	0
329	2
330	2
331	4
332	3
333	5
334	3
335	1
336	1
337	2
338	4
339	1
340	1
341	1
342	5
343	0
344	1
345	1
346	2
347	1
348	1
349	1
350	1
351	4
352	2
353	2
354	1
355	1
356	4
357	0
358	3
359	0
360	4
361	2
362	4
363	3
364	1
365	3
366	3
367	1
368	1
369	0
370	1
371	1
372	2
373	1
374	1
375	3
376	5
377	4
378	3
379	2
380	3
381	1
382	2
383	0
384	0
385	1
386	2
387	2
388	2
389	0
390	1
391	1
392	3
393	1
394	5
395	0
396	2
397	1
398	1
399	2
400	3
401	1
402	4
403	1
404	4
405	0
406	2
407	0
408	3
409	0
410	0
411	0
412	3
413	3
414	0
415	2
416	1
417	2
418	0
419	1
420	3
421	0
422	1
423	1
424	4
425	1
426	1
427	0
428	1
429	0
430	1
431	1
432	1
433	1
434	0
435	1
436	1
437	1
438	1
439	2
440	2
441	3
442	0
443	0
444	0
445	0
446	0
447	2
448	0
449	3
450	1
451	0
452	7
453	0
454	1
455	1
456	1
457	0
458	1
459	1
460	0
461	2
462	2
463	1
464	0
465	1
466	0
467	0
468	1
469	1
470	1
471	1
472	2
473	1
474	4
475	1
476	4
477	2
478	3
479	3
480	1
481	5
482	2
483	0
484	2
485	1
486	0
487	1
488	1
489	2
490	4
491	0
492	2
493	0
494	4
495	1
496	2
497	2
498	0
499	3
500	2
501	0
502	3
503	1
504	1
505	2
506	1
507	3
508	2
509	2
510	0
511	2
512	1
513	4
514	3
515	1
516	2
517	0
518	1
519	1
520	3
521	1
522	0
523	1
524	1
525	1
526	0
527	0
528	1
529	1
530	4
531	0
532	3
533	0
534	0
535	0
536	2
537	3
538	1
539	0
540	1
541	0
542	1
543	5
544	3
545	1
546	1
547	1
548	0
549	2
550	0
551	0
552	0
553	1
554	1
555	1
556	0
557	1
558	3
559	2
560	0
561	1
562	1
563	0
564	1
565	3
566	1
567	2
568	1
569	3
570	0
571	1
572	3
573	2
574	0
575	0
576	0
577	3
578	1
579	4
580	1
581	2
582	2
583	1
584	1
585	5
586	1
587	0
588	1
589	2
590	0
591	2
592	2
593	1
594	0
595	2
596	0
597	0
598	2
599	1
600	2
601	2
602	1
603	1
604	1
605	3
606	3
607	1
608	1
609	1
610	1
611	1
612	1
613	0
614	1
615	0
616	0
617	2
618	1
619	2
620	1
621	1
622	1
623	1
624	1
625	1
626	3
627	0
628	1
629	0
630	3
631	0
632	0
633	0
634	3
635	2
636	2
637	1
638	1
639	1
640	0
641	3
642	2
643	2
644	0
645	0
646	1
647	0
648	1
649	0
650	0
651	1
652	2
653	1
654	2
655	0
656	0
657	0
658	1
659	1
660	2
661	2
662	1
663	2
664	2
665	2
666	0
667	2
668	1
669	0
670	0
671	2
672	0
673	1
674	1
675	2
676	1
677	0
678	2
679	0
680	2
681	1
682	0
683	0
684	2
685	0
686	1
687	1
688	2
689	2
690	2
691	1
692	1
693	1
694	3
695	1
696	2
697	0
698	0
699	1
700	0
701	1
702	4
703	0
704	0
705	0
706	0
707	0
708	3
709	3
710	3
711	0
712	3
713	1
714	2
715	2
716	2
717	0
718	1
719	1
720	1
721	1
722	0
723	1
724	1
725	1
726	3
727	2
728	1
729	0
730	1
731	2
732	1
733	2
734	0
735	5
736	3
737	1
738	0
739	1
740	3
741	1
742	3
743	2
744	1
745	3
746	2
747	2
748	0
749	0
750	0
751	3
752	2
753	1
754	0
755	1
756	1
757	1
758	3
759	0
760	1
761	0
762	0
763	0
764	2
765	0
766	1
767	1
768	2
769	1
770	2
771	0
772	3
773	2
774	2
775	0
776	0
777	2
778	3
779	0
780	1
781	1
782	2
783	4
784	1
785	1
786	2
787	0
788	1
789	4
790	1
791	1
792	2
793	1
794	0
795	0
796	0
797	3
798	2
799	3
800	1
801	2
802	0
803	2
804	2
805	3
806	3
807	1
808	3
809	2
810	3
811	2
812	6
813	3
814	2
815	1
816	2
817	2
818	3
819	2
820	2
821	1
822	5
823	2
824	1
825	4
826	1
827	2
828	1
829	3
830	2
831	3
832	2
833	1
834	1
835	0
836	1
837	0
838	2
839	0
840	0
841	2
842	1
843	1
844	3
845	2
846	1
847	2
848	1
849	2
850	2
851	2
852	2
853	2
854	4
855	1
856	4
857	5
858	5
859	1
860	2
861	2
862	0
863	6
864	2
865	5
866	4
867	1
868	4
869	5
870	5
871	3
872	3
873	3
874	1
875	2
876	3
877	1
878	3
879	2
880	3
881	5
882	4
883	4
884	5
885	0
886	3
887	2
888	3
889	1
890	3
891	1
892	4
893	1
894	2
895	3
896	0
897	1
898	2
899	3
900	4
901	0
902	3
903	2
904	2
905	2
906	0
907	3
908	1
909	2
910	2
911	1
912	1
913	2
914	3
915	2
916	1
917	0
918	4
919	2
920	2
921	4
922	2
923	0
924	2
925	1
926	1
927	1
928	1
929	2
930	2
931	2
932	3
933	2
934	2
935	1
936	3
937	2
938	3
939	2
940	1
941	2
942	0
943	2
944	1
945	5
946	1
947	4
948	2
949	1
950	3
951	0
952	2
953	1
954	4
955	4
956	3
957	1
958	2
959	1
960	2
961	1
962	0
963	2
964	5
965	0
966	2
967	2
968	1
969	3
970	3
971	7
972	2
973	1
974	0
975	4
976	0
977	2
978	6
979	0
980	2
981	3
982	3
983	4
984	1
985	3
986	1
987	8
988	2
989	0
990	0
991	2
992	2
993	5
994	3
995	5
996	4
997	2
998	2
999	1
1000	2
1001	2
1002	1
1003	1
1004	4
1005	4
1006	4
1007	1
1008	1
1009	2
1010	3
1011	1
1012	2
1013	4
1014	3
1015	1
1016	5
1017	1
1018	3
1019	0
1020	3
1021	1
1022	6
1023	3
1024	0
1025	4
1026	3
1027	1
1028	0
1029	2
1030	2
1031	2
1032	1
1033	1
1034	3
1035	3
1036	3
1037	3
1038	6
1039	3
1040	2
1041	1
1042	2
1043	3
1044	4
1045	4
1046	4
1047	1
1048	2
1049	3
1050	3
1051	6
1052	5
1053	2
1054	4
1055	4
1056	4
1057	2
1058	3
1059	3
1060	5
1061	1
1062	3
1063	4
1064	0
1065	0
1066	3
1067	3
1068	4
1069	5
1070	2
1071	6
1072	2
1073	1
1074	6
1075	2
1076	3
1077	6
1078	5
1079	3
1080	2
1081	5
1082	2
1083	3
1084	3
1085	1
1086	3
1087	7
1088	2
1089	4
1090	3
1091	4
1092	4
1093	2
1094	6
1095	5
1096	5
1097	4
1098	2
1099	5
1100	1
1101	3
1102	5
1103	5
1104	1
1105	1
1106	2
1107	3
1108	5
1109	6
1110	4
1111	5
1112	3
1113	4
1114	3
1115	3
1116	6
1117	4
1118	3
1119	2
1120	3
1121	3
1122	1
1123	3
1124	3
1125	2
1126	4
1127	0
1128	2
1129	5
1130	5
1131	3
1132	1
1133	7
1134	3
1135	4
1136	2
1137	3
1138	3
1139	5
1140	4
1141	3
1142	5
1143	3
1144	4
1145	4
1146	4
1147	2
1148	4
1149	1
1150	8
1151	1
1152	2
1153	5
1154	7
1155	4
1156	8
1157	6
1158	6
1159	4
1160	4
1161	3
1162	5
1163	2
1164	5
1165	0
1166	6
1167	4
1168	5
1169	4
1170	3
1171	8
1172	1
1173	7
1174	5
1175	0
1176	5
1177	8
1178	3
1179	7
1180	1
1181	3
1182	1
1183	1
1184	3
1185	2
1186	6
1187	2
1188	6
1189	1
1190	9
1191	1
1192	4
1193	5
1194	5
1195	1
1196	6
1197	5
1198	3
1199	5
1200	2
1201	4
1202	2
1203	6
1204	3
1205	6
1206	2
1207	3
1208	4
1209	3
1210	2
1211	5
1212	3
1213	1
1214	3
1215	9
1216	3
1217	7
1218	4
1219	1
1220	5
1221	2
1222	2
1223	3
1224	7
1225	4
1226	6
1227	10
1228	3
1229	3
1230	3
1231	4
1232	5
1233	5
1234	7
1235	5
1236	5
1237	5
1238	6
1239	5
1240	8
1241	6
1242	4
1243	6
1244	0
1245	2
1246	6
1247	9
1248	1
1249	4
1250	1
1251	4
1252	5
1253	4
1254	11
1255	4
1256	1
1257	8
1258	4
1259	4
1260	2
1261	1
1262	7
1263	5
1264	4
1265	6
1266	2
1267	5
1268	2
1269	8
1270	5
1271	5
1272	6
1273	7
1274	5
1275	8
1276	5
1277	7
1278	5
1279	7
1280	4
1281	6
1282	4
1283	4
1284	10
1285	4
1286	4
1287	7
1288	4
1289	4
1290	4
1291	3
1292	5
1293	6
1294	9
1295	8
1296	2
1297	9
1298	6
1299	9
1300	14
1301	3
1302	8
1303	3
1304	11
1305	6
1306	7
1307	6
1308	1
1309	5
1310	7
1311	7
1312	1
1313	7
1314	6
1315	5
1316	6
1317	4
1318	4
1319	8
1320	6
1321	3
1322	5
1323	1
1324	3
1325	5
1326	10
1327	4
1328	10
1329	11
1330	7
1331	3
1332	5
1333	1
1334	4
1335	5
1336	3
1337	4
1338	5
1339	9
1340	4
1341	4
1342	3
1343	9
1344	4
1345	4
1346	4
1347	2
1348	6
1349	6
1350	6
1351	3
1352	5
1353	5
1354	6
1355	4
1356	11
1357	3
1358	9
1359	3
1360	6
1361	6
1362	5
1363	3
1364	4
1365	4
1366	12
1367	2
1368	2
1369	12
1370	3
1371	3
1372	8
1373	6
1374	8
1375	7
1376	9
1377	6
1378	4
1379	3
1380	6
1381	2
1382	10
1383	11
1384	5
1385	9
1386	8
1387	8
1388	10
1389	4
1390	9
1391	4
1392	6
1393	4
1394	3
1395	8
1396	9
1397	4
1398	7
1399	4
1400	3
1401	6
1402	7
1403	10
1404	8
1405	7
1406	13
1407	4
1408	4
1409	6
1410	5
1411	4
1412	8
1413	5
1414	3
1415	8
1416	3
1417	7
1418	8
1419	4
1420	6
1421	7
1422	8
1423	4
1424	6
1425	8
1426	10
1427	7
1428	5
1429	3
1430	10
1431	6
1432	3
1433	2
1434	7
1435	6
1436	9
1437	11
1438	7
1439	7
1440	1
1441	2
1442	4
1443	1
1444	4
1445	5
1446	6
1447	5
1448	8
1449	8
1450	6
1451	3
1452	7
1453	10
1454	7
1455	3
1456	3
1457	8
1458	7
1459	6
1460	14
1461	6
1462	6
1463	5
1464	6
1465	10
1466	8
1467	7
1468	6
1469	9
1470	5
1471	5
1472	12
1473	5
1474	6
1475	9
1476	9
1477	6
1478	7
1479	3
1480	6
1481	6
1482	4
1483	7
1484	8
1485	8
1486	4
1487	7
1488	3
1489	9
1490	6
1491	9
1492	8
1493	4
1494	15
1495	6
1496	10
1497	8
1498	7
1499	7
1500	8
1501	5
1502	7
1503	4
1504	5
1505	6
1506	6
1507	7
1508	8
1509	7
1510	16
1511	5
1512	6
1513	9
1514	6
1515	5
1516	9
1517	3
1518	13
1519	5
1520	10
1521	6
1522	8
1523	10
1524	8
1525	6
1526	6
1527	7
1528	9
1529	7
1530	9
1531	6
1532	15
1533	10
1534	8
1535	9
1536	6
1537	3
1538	4
1539	8
1540	12
1541	6
1542	7
1543	6
1544	13
1545	5
1546	8
1547	6
1548	10
1549	8
1550	5
1551	5
1552	7
1553	7
1554	4
1555	7
1556	9
1557	3
1558	8
1559	4
1560	3
1561	10
1562	6
1563	12
1564	7
1565	9
1566	7
1567	12
1568	10
1569	6
1570	8
1571	8
1572	12
1573	5
1574	12
1575	10
1576	10
1577	13
1578	9
1579	9
1580	9
1581	4
1582	8
1583	7
1584	3
1585	8
1586	11
1587	9
1588	5
1589	8
1590	9
1591	11
1592	14
1593	8
1594	8
1595	14
1596	10
1597	4
1598	5
1599	9
1600	7
1601	4
1602	8
1603	7
1604	9
1605	7
1606	6
1607	9
1608	9
1609	7
1610	6
1611	5
1612	12
1613	10
1614	7
1615	9
1616	9
1617	10
1618	12
1619	8
1620	6
1621	9
1622	9
1623	7
1624	10
1625	8
1626	5
1627	10
1628	13
1629	14
1630	11
1631	8
1632	8
1633	7
1634	7
1635	5
1636	10
1637	3
1638	10
1639	6
1640	3
1641	9
1642	15
1643	4
1644	5
1645	8
1646	11
1647	10
1648	7
1649	7
1650	5
1651	10
1652	17
1653	7
1654	12
1655	9
1656	12
1657	10
1658	10
1659	10
1660	6
1661	9
1662	4
1663	11
1664	5
1665	7
1666	8
1667	7
1668	14
1669	8
1670	11
1671	2
1672	6
1673	6
1674	5
1675	10
1676	7
1677	10
1678	7
1679	7
1680	7
1681	10
1682	12
1683	6
1684	10
1685	12
1686	15
1687	7
1688	9
1689	9
1690	11
1691	13
1692	7
1693	6
1694	14
1695	14
1696	10
1697	10
1698	8
1699	6
1700	10
1701	15
1702	12
1703	3
1704	8
1705	11
1706	8
1707	10
1708	9
1709	6
1710	7
1711	7
1712	10
1713	13
1714	14
1715	13
1716	6
1717	9
1718	6
1719	4
1720	22
1721	12
1722	13
1723	6
1724	8
1725	11
1726	7
1727	15
1728	11
1729	12
1730	10
1731	3
1732	10
1733	8
1734	8
1735	10
1736	11
1737	11
1738	5
1739	12
1740	12
1741	8
1742	12
1743	7
1744	4
1745	10
1746	9
1747	13
1748	9
1749	10
1750	14
1751	10
1752	9
1753	6
1754	11
1755	11
1756	10
1757	6
1758	7
1759	13
1760	13
1761	5
1762	23
1763	10
1764	7
1765	5
1766	20
1767	8
1768	8
1769	12
1770	13
1771	7
1772	21
1773	11
1774	4
1775	9
1776	7
1777	11
1778	9
1779	10
1780	10
1781	10
1782	13
1783	8
1784	7
1785	13
1786	13
1787	12
1788	19
1789	16
1790	9
1791	18
1792	6
1793	8
1794	18
1795	19
1796	12
1797	10
1798	9
1799	9
1800	14
1801	16
1802	12
1803	10
1804	12
1805	8
1806	11
1807	14
1808	15
1809	14
1810	10
1811	16
1812	13
1813	9
1814	21
1815	15
1816	13
1817	15
1818	12
1819	18
1820	12
1821	9
1822	23
1823	11
1824	13
1825	14
1826	12
1827	14
1828	22
1829	12
1830	28
1831	18
1832	11
1833	20
1834	22
1835	14
1836	24
1837	14
1838	22
1839	12
1840	23
1841	20
1842	29
1843	20
1844	27
1845	14
1846	34
1847	18
1848	18
1849	31
1850	17
1851	28
1852	22
1853	34
1854	29
1855	30
1856	22
1857	29
1858	25
1859	34
1860	41
1861	25
1862	40
1863	19
1864	31
1865	33
1866	28
1867	39
1868	37
1869	30
1870	43
1871	41
1872	35
1873	29
1874	41
1875	39
1876	47
1877	35
1878	50
1879	23
1880	43
1881	39
1882	42
1883	52
1884	64
1885	46
1886	53
1887	46
1888	53
1889	43
1890	47
1891	34
1892	63
1893	29
1894	65
1895	40
1896	44
1897	64
1898	53
1899	39
1900	68
1901	54
1902	52
1903	38
1904	39
1905	48
1906	64
1907	63
1908	74
1909	43
1910	69
1911	44
1912	33
1913	63
1914	34
1915	55
1916	45
1917	41
1918	52
1919	48
1920	45
1921	42
1922	37
1923	33
1924	46
1925	46
1926	47
1927	18
1928	46
1929	54
1930	33
1931	37
1932	47
1933	41
1934	32
1935	25
1936	51
1937	38
1938	39
1939	33
1940	41
1941	21
1942	27
1943	15
1944	39
1945	38
1946	24
1947	39
1948	25
1949	39
1950	20
1951	34
1952	23
1953	28
1954	33
1955	18
1956	31
1957	15
1958	27
1959	19
1960	29
1961	25
1962	15
1963	13
1964	18
1965	24
1966	22
1967	5
1968	16
1969	22
1970	17
1971	13
1972	13
1973	12
1974	19
1975	18
1976	17
1977	16
1978	14
1979	17
1980	17
1981	10
1982	15
1983	10
1984	20
1985	15
1986	11
1987	18
1988	16
1989	8
1990	18
1991	11
1992	19
1993	16
1994	12
1995	22
1996	16
1997	7
1998	12
1999	11
2000	17
2001	16
2002	14
2003	21
2004	19
2005	11
2006	23
2007	8
2008	20
2009	20
2010	12
2011	16
2012	22
2013	18
2014	15
2015	11
2016	12
2017	21
2018	18
2019	20
2020	23
2021	15
2022	15
2023	17
2024	12
2025	18
2026	7
2027	12
2028	21
2029	20
2030	22
2031	16
2032	5
2033	15
2034	25
2035	19
2036	19
2037	13
2038	19
2039	11
2040	14
2041	17
2042	10
2043	15
2044	11
2045	19
2046	11
2047	11
2048	7
2049	13
2050	13
2051	18
2052	12
2053	7
2054	15
2055	5
2056	14
2057	18
2058	9
2059	10
2060	15
2061	15
2062	6
2063	9
2064	11
2065	13
2066	14
2067	13
2068	8
2069	4
2070	11
2071	8
2072	8
2073	17
2074	15
2075	17
2076	7
2077	11
2078	16
2079	15
2080	11
2081	8
2082	14
2083	11
2084	18
2085	11
2086	11
2087	10
2088	12
2089	17
2090	10
2091	15
2092	7
2093	17
2094	18
2095	10
2096	20
2097	16
2098	10
2099	15
2100	16
2101	11
2102	14
2103	14
2104	3
2105	13
2106	7
2107	12
2108	18
2109	11
2110	19
2111	19
2112	6
2113	14
2114	12
2115	21
2116	23
2117	14
2118	13
2119	14
2120	12
2121	29
2122	9
2123	17
2124	20
2125	11
2126	17
2127	21
2128	8
2129	11
2130	8
2131	26
2132	14
2133	15
2134	20
2135	12
2136	13
2137	16
2138	12
2139	21
2140	11
2141	17
2142	16
2143	18
2144	12
2145	11
2146	11
2147	15
2148	21
2149	12
2150	15
2151	16
2152	19
2153	13
2154	10
2155	15
2156	21
2157	20
2158	17
2159	15
2160	11
2161	16
2162	13
2163	25
2164	15
2165	7
2166	16
2167	16
2168	11
2169	12
2170	12
2171	11
2172	15
2173	12
2174	13
2175	19
2176	8
2177	3
2178	11
2179	16
2180	9
2181	9
2182	11
2183	13
2184	14
2185	19
2186	7
2187	11
2188	10
2189	6
2190	8
2191	8
2192	9
2193	10
2194	10
2195	15
2196	9
2197	6
2198	14
2199	6
2200	9
2201	14
2202	3
2203	13
2204	7
2205	5
2206	8
2207	10
2208	9
2209	5
2210	7
2211	5
2212	15
2213	6
2214	10
2215	8
2216	6
2217	14
2218	11
2219	7
2220	6
2221	18
2222	6
2223	6
2224	5
2225	5
2226	13
2227	8
2228	7
2229	4
2230	5
2231	6
2232	9
2233	8
2234	9
2235	8
2236	9
2237	6
2238	9
2239	6
2240	8
2241	9
2242	6
2243	6
2244	10
2245	6
2246	4
2247	4
2248	4
2249	8
2250	3
2251	5
2252	7
2253	11
2254	7
2255	8
2256	5
2257	8
2258	8
2259	9
2260	8
2261	11
2262	11
2263	5
2264	3
2265	12
2266	6
2267	9
2268	8
2269	6
2270	9
2271	2
2272	3
2273	7
2274	8
2275	9
2276	9
2277	2
2278	11
2279	9
2280	6
2281	8
2282	7
2283	5
2284	10
2285	6
2286	8
2287	3
2288	4
2289	5
2290	10
2291	14
2292	1
2293	5
2294	3
2295	9
2296	5
2297	10
2298	3
2299	14
2300	4
2301	2
2302	2
2303	5
2304	4
2305	8
2306	7
2307	5
2308	4
2309	9
2310	7
2311	7
2312	5
2313	15
2314	4
2315	8
2316	6
2317	5
2318	8
2319	7
2320	5
2321	6
2322	10
2323	3
2324	5
2325	10
2326	5
2327	3
2328	7
2329	8
2330	3
2331	6
2332	5
2333	6
2334	4
2335	8
2336	4
2337	7
2338	3
2339	6
2340	11
2341	6
2342	5
2343	4
2344	6
2345	6
2346	5
2347	8
2348	10
2349	7
2350	5
2351	3
2352	6
2353	7
2354	7
2355	6
2356	5
2357	2
2358	5
2359	6
2360	3
2361	4
2362	5
2363	10
2364	5
2365	2
2366	5
2367	10
2368	3
2369	8
2370	3
2371	7
2372	7
2373	5
2374	9
2375	7
2376	6
2377	6
2378	6
2379	4
2380	7
2381	3
2382	7
2383	6
2384	6
2385	5
2386	6
2387	6
2388	4
2389	2
2390	13
2391	7
2392	7
2393	8
2394	2
2395	6
2396	4
2397	8
2398	5
2399	3
2400	6
2401	2
2402	5
2403	10
2404	7
2405	7
2406	6
2407	4
2408	2
2409	7
2410	5
2411	6
2412	4
2413	4
2414	2
2415	13
2416	6
2417	9
2418	6
2419	4
2420	4
2421	3
2422	6
2423	6
2424	5
2425	4
2426	3
2427	1
2428	0
2429	0
2430	4
2431	3
2432	2
2433	3
2434	8
2435	0
2436	8
2437	4
2438	3
2439	2
2440	5
2441	10
2442	7
2443	5
2444	3
2445	7
2446	4
2447	5
2448	5
2449	6
2450	8
2451	6
2452	4
2453	5
2454	5
2455	5
2456	12
2457	5
2458	6
2459	12
2460	4
2461	4
2462	6
2463	7
2464	3
2465	1
2466	7
2467	4
2468	9
2469	6
2470	8
2471	3
2472	5
2473	6
2474	0
2475	3
2476	8
2477	5
2478	3
2479	6
2480	5
2481	4
2482	4
2483	6
2484	5
2485	4
2486	7
2487	6
2488	8
2489	9
2490	5
2491	7
2492	1
2493	7
2494	8
2495	3
2496	2
2497	4
2498	10
2499	6
2500	7
2501	1
2502	4
2503	3
2504	4
2505	8
2506	2
2507	5
2508	6
2509	6
2510	7
2511	9
2512	1
2513	3
2514	8
2515	7
2516	11
2517	4
2518	10
2519	3
2520	5
2521	4
2522	6
2523	6
2524	11
2525	5
2526	5
2527	4
2528	7
2529	6
2530	5
2531	9
2532	10
2533	4
2534	0
2535	7
2536	6
2537	7
2538	2
2539	4
2540	7
2541	10
2542	4
2543	10
2544	5
2545	7
2546	5
2547	5
2548	6
2549	10
2550	11
2551	5
2552	3
2553	9
2554	5
2555	5
2556	4
2557	4
2558	8
2559	7
2560	4
2561	6
2562	6
2563	6
2564	10
2565	7
2566	10
2567	6
2568	8
2569	10
2570	2
2571	6
2572	10
2573	2
2574	8
2575	6
2576	13
2577	5
2578	7
2579	9
2580	8
2581	7
2582	5
2583	8
2584	10
2585	9
2586	7
2587	8
2588	7
2589	13
2590	6
2591	6
2592	9
2593	8
2594	4
2595	11
2596	10
2597	9
2598	9
2599	8
2600	7
2601	11
2602	5
2603	6
2604	7
2605	6
2606	7
2607	6
2608	10
2609	11
2610	10
2611	14
2612	6
2613	7
2614	11
2615	10
2616	6
2617	7
2618	7
2619	16
2620	7
2621	9
2622	5
2623	7
2624	5
2625	8
2626	7
2627	5
2628	6
2629	5
2630	6
2631	3
2632	5
2633	10
2634	8
2635	7
2636	9
2637	5
2638	3
2639	7
2640	5
2641	9
2642	3
2643	8
2644	5
2645	1
2646	14
2647	7
2648	5
2649	7
2650	6
2651	4
2652	3
2653	5
2654	4
2655	3
2656	4
2657	6
2658	7
2659	6
2660	5
2661	3
2662	5
2663	7
2664	9
2665	4
2666	2
2667	7
2668	9
2669	5
2670	4
2671	6
2672	5
2673	11
2674	3
2675	7
2676	4
2677	3
2678	9
2679	4
2680	4
2681	7
2682	6
2683	9
2684	3
2685	8
2686	4
2687	7
2688	5
2689	5
2690	5
2691	3
2692	3
2693	4
2694	3
2695	6
2696	3
2697	11
2698	2
2699	6
2700	4
2701	1
2702	1
2703	6
2704	2
2705	1
2706	2
2707	9
2708	7
2709	5
2710	5
2711	5
2712	1
2713	4
2714	8
2715	2
2716	2
2717	8
2718	7
2719	3
2720	4
2721	8
2722	11
2723	6
2724	7
2725	2
2726	5
2727	6
2728	2
2729	3
2730	2
2731	5
2732	9
2733	6
2734	3
2735	2
2736	6
2737	6
2738	11
2739	4
2740	5
2741	4
2742	8
2743	3
2744	3
2745	9
2746	1
2747	9
2748	6
2749	1
2750	8
2751	4
2752	2
2753	5
2754	3
2755	6
2756	8
2757	4
2758	4
2759	2
2760	5
2761	4
2762	7
2763	7
2764	8
2765	8
2766	5
2767	3
2768	6
2769	0
2770	4
2771	3
2772	5
2773	3
2774	4
2775	6
2776	3
2777	6
2778	6
2779	3
2780	6
2781	7
2782	4
2783	3
2784	2
2785	6
2786	2
2787	1
2788	6
2789	7
2790	9
2791	3
2792	6
2793	3
2794	5
2795	6
2796	6
2797	3
2798	7
2799	3
2800	6
2801	8
2802	4
2803	5
2804	2
2805	3
2806	6
2807	6
2808	2
2809	10
2810	5
2811	6
2812	11
2813	6
2814	4
2815	3
2816	6
2817	5
2818	8
2819	3
2820	3
2821	4
2822	2
2823	7
2824	4
2825	3
2826	6
2827	4
2828	5
2829	3
2830	3
2831	2
2832	7
2833	6
2834	10
2835	6
2836	6
2837	3
2838	6
2839	2
2840	5
2841	4
2842	6
2843	7
2844	4
2845	8
2846	9
2847	3
2848	7
2849	6
2850	6
2851	7
2852	4
2853	3
2854	5
2855	5
2856	5
2857	8
2858	1
2859	1
2860	7
2861	6
2862	3
2863	1
2864	8
2865	3
2866	8
2867	7
2868	2
2869	5
2870	2
2871	6
2872	3
2873	4
2874	3
2875	3
2876	4
2877	1
2878	4
2879	3
2880	3
2881	3
2882	1
2883	9
2884	7
2885	6
2886	4
2887	2
2888	9
2889	5
2890	6
2891	2
2892	7
2893	3
2894	4
2895	5
2896	6
2897	8
2898	2
2899	4
2900	2
2901	2
2902	5
2903	3
2904	2
2905	7
2906	2
2907	2
2908	7
2909	4
2910	2
2911	1
2912	7
2913	6
2914	6
2915	5
2916	7
2917	5
2918	3
2919	12
2920	1
2921	6
2922	3
2923	4
2924	5
2925	2
2926	0
2927	4
2928	8
2929	2
2930	4
2931	5
2932	6
2933	2
2934	5
2935	6
2936	1
2937	5
2938	2
2939	6
2940	3
2941	3
2942	3
2943	5
2944	4
2945	5
2946	4
2947	7
2948	4
2949	6
2950	1
2951	1
2952	4
2953	8
2954	0
2955	4
2956	6
2957	3
2958	1
2959	3
2960	1
2961	1
2962	5
2963	6
2964	2
2965	1
2966	4
2967	4
2968	0
2969	6
2970	2
2971	5
2972	2
2973	2
2974	4
2975	3
2976	3
2977	7
2978	4
2979	3
2980	0
2981	2
2982	7
2983	4
2984	4
2985	6
2986	3
2987	4
2988	10
2989	4
2990	5
2991	4
2992	6
2993	2
2994	4
2995	2
2996	5
2997	4
2998	1
2999	1
3000	2
3001	5
3002	2
3003	2
3004	3
3005	6
3006	2
3007	4
3008	4
3009	3
3010	5
3011	4
3012	5
3013	3
3014	5
3015	1
3016	2
3017	4
3018	0
3019	3
3020	5
3021	4
3022	7
3023	2
3024	4
3025	6
3026	1
3027	3
3028	1
3029	2
3030	7
3031	1
3032	5
3033	2
3034	2
3035	3
3036	3
3037	1
3038	4
3039	5
3040	3
3041	3
3042	4
3043	2
3044	4
3045	3
3046	6
3047	4
3048	3
3049	6
3050	7
3051	3
3052	7
3053	6
3054	5
3055	3
3056	3
3057	4
3058	3
3059	4
3060	1
3061	3
3062	3
3063	1
3064	4
3065	5
3066	2
3067	8
3068	5
3069	7
3070	2
3071	2
3072	6
3073	3
3074	6
3075	4
3076	4
3077	0
3078	6
3079	2
3080	3
3081	3
3082	3
3083	8
3084	6
3085	4
3086	2
3087	3
3088	1
3089	1
3090	1
3091	2
3092	5
3093	5
3094	7
3095	4
3096	0
3097	4
3098	1
3099	7
3100	3
3101	5
3102	4
3103	3
3104	1
3105	3
3106	3
3107	3
3108	4
3109	3
3110	5
3111	6
3112	1
3113	8
3114	2
3115	6
3116	0
3117	2
3118	3
3119	2
3120	6
3121	6
3122	3
3123	4
3124	3
3125	5
3126	7
3127	3
3128	0
3129	6
3130	3
3131	3
3132	6
3133	1
3134	4
3135	3
3136	4
3137	5
3138	4
3139	6
3140	4
3141	2
3142	5
3143	2
3144	3
3145	3
3146	0
3147	4
3148	2
3149	4
3150	3
3151	5
3152	3
3153	2
3154	4
3155	3
3156	2
3157	1
3158	2
3159	3
3160	1
3161	6
3162	3
3163	4
3164	5
3165	4
3166	4
3167	4
3168	6
3169	1
3170	2
3171	3
3172	5
3173	2
3174	3
3175	5
3176	0
3177	3
3178	2
3179	8
3180	7
3181	1
3182	3
3183	1
3184	0
3185	2
3186	1
3187	2
3188	3
3189	4
3190	2
3191	4
3192	3
3193	5
3194	4
3195	2
3196	1
3197	2
3198	1
3199	3
3200	3
3201	1
3202	2
3203	5
3204	4
3205	3
3206	3
3207	3
3208	3
3209	3
3210	4
3211	4
3212	4
3213	4
3214	0
3215	1
3216	1
3217	2
3218	5
3219	3
3220	2
3221	3
3222	5
3223	2
3224	4
3225	0
3226	6
3227	2
3228	6
3229	5
3230	1
3231	3
3232	1
3233	1
3234	2
3235	2
3236	3
3237	1
3238	5
3239	5
3240	2
3241	2
3242	1
3243	2
3244	2
3245	1
3246	4
3247	0
3248	1
3249	2
3250	2
3251	2
3252	5
3253	3
3254	3
3255	3
3256	2
3257	3
3258	2
3259	2
3260	2
3261	4
3262	0
3263	2
3264	1
3265	6
3266	1
3267	4
3268	2
3269	1
3270	2
3271	3
3272	2
3273	3
3274	2
3275	3
3276	3
3277	5
3278	1
3279	1
3280	2
3281	1
3282	5
3283	3
3284	5
3285	2
3286	1
3287	0
3288	2
3289	0
3290	1
3291	3
3292	1
3293	4
3294	3
3295	2
3296	3
3297	4
3298	0
3299	3
3300	1
3301	0
3302	1
3303	1
3304	1
3305	2
3306	5
3307	2
3308	8
3309	2
3310	3
3311	2
3312	2
3313	5
3314	3
3315	0
3316	1
3317	2
3318	9
3319	0
3320	1
3321	0
3322	2
3323	1
3324	1
3325	1
3326	2
3327	3
3328	6
3329	4
3330	2
3331	0
3332	0
3333	2
3334	4
3335	1
3336	1
3337	2
3338	1
3339	1
3340	2
3341	3
3342	2
3343	0
3344	1
3345	6
3346	2
3347	1
3348	3
3349	0
3350	5
3351	1
3352	3
3353	4
3354	0
3355	0
3356	1
3357	3
3358	2
3359	4
3360	2
3361	2
3362	2
3363	1
3364	3
3365	1
3366	5
3367	3
3368	3
3369	0
3370	1
3371	1
3372	2
3373	3
3374	0
3375	0
3376	2
3377	1
3378	2
3379	1
3380	2
3381	1
3382	2
3383	1
3384	0
3385	3
3386	1
3387	4
3388	2
3389	0
3390	1
3391	2
3392	0
3393	0
3394	2
3395	3
3396	4
3397	0
3398	1
3399	0
3400	2
3401	4
3402	1
3403	3
3404	1
3405	2
3406	1
3407	2
3408	1
3409	1
3410	1
3411	3
3412	2
3413	0
3414	4
3415	0
3416	0
3417	3
3418	4
3419	0
3420	4
3421	2
3422	2
3423	4
3424	2
3425	2
3426	1
3427	2
3428	4
3429	2
3430	2
3431	3
3432	0
3433	2
3434	1
3435	3
3436	2
3437	2
3438	1
3439	1
3440	3
3441	1
3442	2
3443	2
3444	2
3445	3
3446	3
3447	3
3448	0
3449	3
3450	4
3451	3
3452	1
3453	2
3454	2
3455	5
3456	1
3457	2
3458	1
3459	3
3460	1
3461	2
3462	2
3463	0
3464	1
3465	1
3466	0
3467	1
3468	2
3469	0
3470	1
3471	3
3472	2
3473	0
3474	0
3475	2
3476	3
3477	2
3478	3
3479	0
3480	1
3481	1
3482	2
3483	1
3484	0
3485	6
3486	1
3487	0
3488	1
3489	1
3490	1
3491	4
3492	2
3493	2
3494	4
3495	4
3496	2
3497	0
3498	1
3499	3
3500	1
3501	2
3502	0
3503	3
3504	1
3505	2
3506	1
3507	1
3508	0
3509	1
3510	2
3511	0
3512	0
3513	1
3514	1
3515	4
3516	3
3517	0
3518	2
3519	0
3520	3
3521	0
3522	3
3523	3
3524	1
3525	0
3526	3
3527	1
3528	1
3529	1
3530	2
3531	2
3532	2
3533	0
3534	0
3535	0
3536	4
3537	0
3538	2
3539	1
3540	3
3541	0
3542	2
3543	0
3544	1
3545	0
3546	1
3547	0
3548	3
3549	0
3550	0
3551	0
3552	0
3553	1
3554	0
3555	0
3556	1
3557	0
3558	2
3559	1
3560	3
3561	1
3562	0
3563	0
3564	1
3565	0
3566	1
3567	2
3568	0
3569	0
3570	0
3571	1
3572	0
3573	1
3574	2
3575	0
3576	0
3577	1
3578	1
3579	0
3580	2
3581	0
3582	0
3583	1
3584	1
3585	1
3586	0
3587	0
3588	0
3589	0
3590	2
3591	2
3592	0
3593	1
3594	1
3595	3
3596	0
3597	2
3598	0
3599	1
3600	1
3601	1
3602	0
3603	1
3604	0
3605	0
3606	2
3607	2
3608	1
3609	1
3610	0
3611	0
3612	0
3613	0
3614	1
3615	0
3616	2
3617	0
3618	0
3619	0
3620	1
3621	0
3622	0
3623	0
3624	0
3625	1
3626	0
3627	1
3628	1
3629	1
3630	0
3631	0
3632	0
3633	1
3634	0
3635	3
3636	0
3637	0
3638	1
3639	0
3640	0
3641	1
3642	0
3643	0
3644	1
3645	0
3646	0
3647	0
3648	0
3649	1
3650	1
3651	1
3652	1
3653	0
3654	0
3655	0
3656	0
3657	1
3658	0
3659	0
3660	0
3661	0
3662	3
3663	2
3664	1
3665	0
3666	1
3667	0
3668	1
3669	0
3670	0
3671	0
3672	0
3673	0
3674	0
3675	0
3676	1
3677	0
3678	0
3679	0
3680	0
3681	0
3682	0
3683	1
3684	0
3685	0
3686	0
3687	1
3688	0
3689	0
3690	0
3691	0
3692	1
3693	0
3694	0
3695	0
3696	1
3697	0
3698	0
3699	0
3700	1
3701	1
3702	0
3703	1
3704	0
3705	0
3706	0
3707	0
3708	0
3709	0
3710	0
3711	0
3712	1
3713	0
3714	0
3715	1
3716	0
3717	0
3718	0
3719	0
3720	2
3721	1
3722	0
3723	0
3724	0
3725	1
3726	0
3727	0
3728	0
3729	0
3730	1
3731	0
3732	0
3733	0
3734	0
3735	0
3736	1
3737	0
3738	0
3739	0
3740	0
3741	0
3742	0
3743	0
3744	0
3745	0
3746	0
3747	0
3748	0
3749	0
3750	1
3751	0
3752	0
3753	0
3754	0
3755	0
3756	0
3757	0
3758	0
3759	0
3760	0
3761	0
3762	0
3763	0
3764	0
3765	0
3766	0
3767	0
3768	0
3769	0
3770	0
3771	0
3772	0
3773	0
3774	0
3775	0
3776	0
3777	0
3778	1
3779	0
3780	0
3781	0
3782	0
3783	0
3784	0
3785	0
3786	1
3787	0
3788	1
3789	0
3790	0
3791	0
3792	0
3793	0
3794	0
3795	0
3796	0
3797	0
3798	0
3799	0
3800	0
3801	0
3802	0
3803	0
3804	0
3805	0
3806	0
3807	0
3808	0
3809	0
3810	0
3811	0
3812	0
3813	0
3814	0
3815	0
3816	0
3817	0
3818	0
3819	0
3820	0
3821	0
3822	0
3823	0
3824	0
3825	0
3826	0
3827	0
3828	0
3829	0
3830	0
3831	0
3832	0
3833	0
3834	0
3835	0
3836	1
3837	1
3838	0
3839	0
3840	0
3841	0
3842	0
3843	0
3844	0
3845	0
3846	0
3847	0
3848	0
3849	0
3850	0
3851	0
3852	0
3853	0
3854	0
3855	0
3856	0
3857	0
3858	0
3859	0
3860	0
3861	0
3862	0
3863	0
3864	0
3865	1
3866	0
3867	0
3868	0
3869	0
3870	0
3871	0
3872	0
3873	0
3874	0
3875	0
3876	0
3877	0
3878	0
3879	0
3880	0
3881	0
3882	0
3883	0
3884	0
3885	0
3886	0
3887	0
3888	0
3889	0
3890	0
3891	0
3892	0
3893	0
3894	0
3895	0
3896	0
3897	0
3898	0
3899	0
3900	0
3901	0
3902	0
3903	0
3904	0
3905	0
3906	0
3907	0
3908	0
3909	0
3910	0
3911	0
3912	0
3913	0
3914	0
3915	0
3916	0
3917	0
3918	0
3919	0
3920	0
3921	0
3922	0
3923	0
3924	0
3925	0
3926	0
3927	0
3928	0
3929	0
3930	0
3931	0
3932	0
3933	0
3934	0
3935	0
3936	0
3937	0
3938	0
3939	0
3940	0
3941	0
3942	0
3943	0
3944	0
3945	0
3946	0
3947	0
3948	0
3949	0
3950	0
3951	0
3952	0
3953	0
3954	0
3955	0
3956	0
3957	0
3958	0
3959	0
3960	0
3961	0
3962	0
3963	0
3964	0
3965	0
3966	0
3967	0
3968	0
3969	0
3970	0
3971	0
3972	0
3973	0
3974	0
3975	0
3976	0
3977	1
3978	0
3979	0
3980	0
3981	0
3982	0
3983	0
3984	0
3985	0
3986	0
3987	0
3988	0
3989	0
3990	0
3991	0
3992	0
3993	0
3994	0
3995	0
3996	0
3997	0
3998	0
3999	0
4000	0
