Channel number	Impulses
Channel/#	Impulses/#

0	0
1	0
2	0
3	0
4	0
5	0
6	0
7	0
8	0
9	0
10	0
11	0
12	0
13	0
14	0
15	0
16	0
17	0
18	0
19	0
20	0
21	0
22	0
23	0
24	0
25	0
26	0
27	0
28	0
29	0
30	0
31	0
32	0
33	0
34	0
35	0
36	0
37	0
38	0
39	0
40	0
41	0
42	0
43	0
44	0
45	0
46	0
47	0
48	0
49	0
50	0
51	0
52	1
53	0
54	2
55	2
56	3
57	3
58	6
59	1
60	8
61	8
62	3
63	9
64	2
65	5
66	0
67	4
68	1
69	2
70	1
71	5
72	3
73	7
74	1
75	1
76	7
77	5
78	5
79	5
80	3
81	2
82	4
83	6
84	5
85	0
86	4
87	3
88	3
89	4
90	3
91	2
92	5
93	2
94	5
95	2
96	4
97	5
98	4
99	4
100	2
101	2
102	2
103	1
104	1
105	2
106	2
107	2
108	1
109	3
110	6
111	3
112	5
113	3
114	5
115	4
116	2
117	3
118	3
119	2
120	4
121	4
122	2
123	2
124	4
125	2
126	3
127	7
128	0
129	5
130	4
131	3
132	1
133	2
134	3
135	3
136	4
137	5
138	4
139	5
140	1
141	2
142	0
143	3
144	4
145	3
146	3
147	2
148	2
149	3
150	3
151	3
152	2
153	1
154	3
155	3
156	2
157	3
158	3
159	2
160	2
161	5
162	4
163	2
164	1
165	2
166	3
167	3
168	2
169	2
170	4
171	2
172	2
173	2
174	3
175	1
176	2
177	2
178	3
179	2
180	3
181	2
182	2
183	2
184	3
185	4
186	1
187	1
188	1
189	4
190	4
191	6
192	2
193	1
194	3
195	1
196	4
197	1
198	1
199	4
200	2
201	1
202	5
203	2
204	3
205	4
206	4
207	3
208	2
209	0
210	3
211	1
212	3
213	0
214	2
215	3
216	2
217	2
218	3
219	2
220	5
221	2
222	1
223	3
224	4
225	2
226	3
227	3
228	1
229	3
230	5
231	2
232	1
233	0
234	4
235	2
236	0
237	3
238	3
239	1
240	1
241	2
242	1
243	8
244	4
245	0
246	4
247	3
248	3
249	0
250	4
251	1
252	0
253	1
254	5
255	0
256	0
257	2
258	4
259	2
260	4
261	2
262	3
263	0
264	2
265	1
266	1
267	4
268	2
269	2
270	0
271	3
272	4
273	1
274	1
275	5
276	0
277	2
278	2
279	0
280	1
281	2
282	1
283	1
284	0
285	1
286	2
287	0
288	0
289	2
290	0
291	2
292	0
293	0
294	2
295	2
296	1
297	0
298	2
299	1
300	0
301	0
302	1
303	2
304	1
305	1
306	2
307	1
308	3
309	2
310	0
311	1
312	0
313	3
314	2
315	1
316	0
317	1
318	0
319	2
320	0
321	1
322	0
323	2
324	2
325	2
326	3
327	2
328	1
329	4
330	2
331	1
332	2
333	1
334	2
335	1
336	0
337	1
338	2
339	0
340	1
341	1
342	1
343	0
344	0
345	1
346	1
347	0
348	3
349	0
350	3
351	0
352	1
353	0
354	1
355	2
356	0
357	4
358	1
359	1
360	1
361	0
362	1
363	2
364	3
365	1
366	2
367	3
368	1
369	1
370	2
371	0
372	4
373	0
374	2
375	1
376	0
377	2
378	1
379	0
380	2
381	1
382	3
383	3
384	1
385	4
386	2
387	1
388	1
389	0
390	3
391	1
392	2
393	2
394	0
395	1
396	2
397	1
398	3
399	2
400	1
401	1
402	2
403	1
404	0
405	0
406	0
407	0
408	1
409	2
410	1
411	0
412	1
413	1
414	1
415	2
416	0
417	3
418	3
419	2
420	1
421	1
422	1
423	1
424	1
425	0
426	0
427	1
428	3
429	3
430	1
431	5
432	1
433	1
434	1
435	0
436	0
437	1
438	2
439	3
440	1
441	3
442	1
443	2
444	2
445	1
446	2
447	1
448	0
449	0
450	1
451	2
452	2
453	2
454	2
455	3
456	0
457	1
458	1
459	3
460	0
461	0
462	2
463	0
464	1
465	0
466	1
467	1
468	1
469	0
470	0
471	1
472	0
473	4
474	1
475	0
476	0
477	2
478	0
479	1
480	1
481	0
482	0
483	2
484	2
485	0
486	2
487	2
488	2
489	0
490	1
491	2
492	2
493	2
494	3
495	0
496	1
497	4
498	1
499	2
500	3
501	1
502	3
503	2
504	1
505	0
506	0
507	1
508	2
509	0
510	0
511	3
512	0
513	0
514	0
515	1
516	0
517	1
518	3
519	1
520	0
521	2
522	5
523	1
524	1
525	0
526	0
527	1
528	0
529	1
530	3
531	1
532	1
533	0
534	1
535	1
536	4
537	1
538	2
539	1
540	1
541	1
542	2
543	3
544	1
545	3
546	2
547	1
548	2
549	0
550	1
551	0
552	0
553	0
554	1
555	0
556	0
557	1
558	0
559	3
560	1
561	0
562	0
563	0
564	2
565	2
566	1
567	0
568	0
569	2
570	0
571	1
572	1
573	1
574	1
575	5
576	1
577	1
578	0
579	2
580	1
581	1
582	1
583	2
584	0
585	2
586	0
587	1
588	1
589	0
590	0
591	0
592	1
593	3
594	3
595	2
596	2
597	0
598	2
599	0
600	1
601	0
602	1
603	1
604	0
605	1
606	2
607	2
608	0
609	2
610	0
611	0
612	2
613	0
614	2
615	2
616	0
617	0
618	0
619	5
620	0
621	0
622	1
623	0
624	1
625	0
626	0
627	1
628	1
629	1
630	0
631	0
632	1
633	1
634	0
635	3
636	0
637	3
638	0
639	2
640	0
641	1
642	1
643	1
644	0
645	1
646	1
647	2
648	2
649	2
650	0
651	0
652	2
653	0
654	1
655	0
656	1
657	1
658	1
659	1
660	1
661	0
662	3
663	0
664	1
665	0
666	0
667	2
668	4
669	0
670	0
671	0
672	0
673	1
674	3
675	1
676	1
677	1
678	2
679	1
680	2
681	2
682	1
683	2
684	1
685	0
686	2
687	2
688	0
689	1
690	1
691	0
692	0
693	0
694	4
695	0
696	0
697	0
698	1
699	0
700	2
701	2
702	3
703	1
704	1
705	1
706	2
707	1
708	0
709	1
710	0
711	1
712	0
713	1
714	1
715	0
716	3
717	1
718	1
719	2
720	1
721	1
722	2
723	2
724	4
725	1
726	1
727	0
728	0
729	0
730	0
731	2
732	0
733	1
734	0
735	0
736	1
737	0
738	1
739	1
740	1
741	1
742	1
743	0
744	3
745	0
746	0
747	2
748	2
749	1
750	0
751	1
752	1
753	0
754	0
755	4
756	2
757	0
758	0
759	1
760	2
761	1
762	2
763	2
764	2
765	1
766	3
767	1
768	1
769	0
770	0
771	3
772	3
773	1
774	4
775	0
776	0
777	0
778	3
779	0
780	2
781	0
782	0
783	3
784	1
785	1
786	3
787	1
788	4
789	1
790	3
791	1
792	2
793	2
794	2
795	1
796	2
797	2
798	0
799	2
800	2
801	3
802	1
803	3
804	1
805	2
806	2
807	1
808	2
809	2
810	0
811	0
812	1
813	0
814	0
815	3
816	1
817	3
818	0
819	0
820	3
821	2
822	2
823	0
824	3
825	1
826	1
827	0
828	1
829	1
830	4
831	1
832	1
833	1
834	1
835	2
836	2
837	2
838	2
839	1
840	2
841	2
842	1
843	2
844	1
845	1
846	3
847	4
848	4
849	1
850	0
851	0
852	1
853	2
854	4
855	1
856	1
857	1
858	3
859	2
860	2
861	3
862	4
863	5
864	3
865	4
866	1
867	4
868	3
869	1
870	2
871	0
872	1
873	2
874	0
875	2
876	2
877	4
878	2
879	1
880	1
881	1
882	4
883	2
884	4
885	1
886	4
887	7
888	4
889	1
890	4
891	5
892	2
893	3
894	2
895	0
896	0
897	2
898	2
899	2
900	1
901	1
902	4
903	1
904	2
905	0
906	3
907	2
908	2
909	1
910	3
911	4
912	2
913	1
914	2
915	2
916	5
917	0
918	5
919	1
920	2
921	3
922	1
923	4
924	2
925	1
926	3
927	1
928	1
929	2
930	3
931	0
932	3
933	1
934	2
935	1
936	3
937	1
938	3
939	2
940	1
941	0
942	0
943	1
944	0
945	6
946	4
947	0
948	3
949	0
950	3
951	1
952	2
953	1
954	0
955	1
956	2
957	0
958	3
959	2
960	2
961	2
962	2
963	3
964	3
965	0
966	1
967	2
968	2
969	5
970	5
971	0
972	2
973	0
974	1
975	0
976	5
977	1
978	0
979	0
980	0
981	0
982	1
983	0
984	2
985	3
986	1
987	0
988	3
989	1
990	0
991	1
992	2
993	2
994	1
995	2
996	1
997	1
998	3
999	1
1000	2
1001	2
1002	1
1003	1
1004	1
1005	3
1006	3
1007	4
1008	2
1009	3
1010	0
1011	2
1012	4
1013	2
1014	2
1015	2
1016	3
1017	2
1018	3
1019	3
1020	10
1021	2
1022	2
1023	6
1024	0
1025	1
1026	2
1027	0
1028	3
1029	1
1030	1
1031	0
1032	0
1033	1
1034	0
1035	1
1036	2
1037	3
1038	0
1039	3
1040	1
1041	1
1042	0
1043	1
1044	1
1045	1
1046	0
1047	1
1048	3
1049	2
1050	2
1051	4
1052	2
1053	3
1054	6
1055	4
1056	1
1057	2
1058	3
1059	2
1060	2
1061	3
1062	1
1063	1
1064	0
1065	4
1066	5
1067	3
1068	2
1069	1
1070	4
1071	5
1072	1
1073	3
1074	2
1075	5
1076	3
1077	2
1078	4
1079	0
1080	1
1081	2
1082	5
1083	4
1084	3
1085	1
1086	4
1087	7
1088	1
1089	0
1090	8
1091	3
1092	2
1093	3
1094	0
1095	0
1096	1
1097	3
1098	3
1099	3
1100	3
1101	2
1102	1
1103	4
1104	2
1105	1
1106	3
1107	1
1108	3
1109	3
1110	3
1111	4
1112	2
1113	4
1114	2
1115	0
1116	1
1117	4
1118	3
1119	4
1120	3
1121	2
1122	4
1123	3
1124	0
1125	0
1126	7
1127	3
1128	1
1129	1
1130	3
1131	4
1132	3
1133	2
1134	1
1135	0
1136	4
1137	1
1138	6
1139	2
1140	1
1141	2
1142	4
1143	4
1144	3
1145	2
1146	1
1147	2
1148	2
1149	1
1150	6
1151	5
1152	2
1153	3
1154	1
1155	2
1156	1
1157	2
1158	3
1159	1
1160	6
1161	3
1162	1
1163	1
1164	4
1165	3
1166	3
1167	3
1168	6
1169	2
1170	3
1171	2
1172	5
1173	4
1174	4
1175	2
1176	4
1177	1
1178	2
1179	4
1180	4
1181	1
1182	1
1183	6
1184	3
1185	6
1186	4
1187	5
1188	2
1189	3
1190	1
1191	3
1192	0
1193	4
1194	3
1195	2
1196	2
1197	4
1198	5
1199	4
1200	2
1201	4
1202	5
1203	4
1204	4
1205	3
1206	4
1207	2
1208	2
1209	6
1210	2
1211	7
1212	5
1213	4
1214	2
1215	6
1216	1
1217	3
1218	1
1219	2
1220	4
1221	1
1222	4
1223	1
1224	2
1225	5
1226	3
1227	1
1228	9
1229	4
1230	6
1231	4
1232	3
1233	1
1234	3
1235	5
1236	3
1237	2
1238	6
1239	3
1240	5
1241	5
1242	4
1243	2
1244	6
1245	4
1246	5
1247	6
1248	0
1249	2
1250	8
1251	2
1252	3
1253	3
1254	2
1255	3
1256	5
1257	5
1258	8
1259	5
1260	7
1261	4
1262	2
1263	7
1264	3
1265	7
1266	5
1267	6
1268	5
1269	3
1270	3
1271	3
1272	4
1273	5
1274	6
1275	1
1276	4
1277	4
1278	9
1279	8
1280	1
1281	7
1282	3
1283	2
1284	5
1285	6
1286	3
1287	3
1288	3
1289	6
1290	7
1291	3
1292	7
1293	5
1294	3
1295	7
1296	1
1297	6
1298	3
1299	6
1300	4
1301	4
1302	6
1303	3
1304	5
1305	2
1306	3
1307	6
1308	7
1309	3
1310	3
1311	5
1312	5
1313	2
1314	4
1315	4
1316	5
1317	3
1318	7
1319	3
1320	4
1321	2
1322	3
1323	2
1324	8
1325	3
1326	8
1327	5
1328	2
1329	4
1330	8
1331	6
1332	12
1333	0
1334	5
1335	6
1336	3
1337	6
1338	1
1339	5
1340	3
1341	4
1342	5
1343	6
1344	1
1345	3
1346	3
1347	5
1348	5
1349	3
1350	8
1351	3
1352	6
1353	5
1354	8
1355	6
1356	4
1357	4
1358	5
1359	7
1360	4
1361	6
1362	5
1363	4
1364	7
1365	3
1366	1
1367	4
1368	7
1369	7
1370	4
1371	5
1372	5
1373	6
1374	9
1375	3
1376	5
1377	3
1378	3
1379	2
1380	4
1381	6
1382	5
1383	2
1384	9
1385	6
1386	5
1387	2
1388	9
1389	3
1390	2
1391	3
1392	4
1393	7
1394	7
1395	5
1396	2
1397	4
1398	5
1399	5
1400	5
1401	2
1402	6
1403	10
1404	6
1405	5
1406	6
1407	5
1408	4
1409	5
1410	7
1411	4
1412	5
1413	2
1414	8
1415	3
1416	0
1417	7
1418	8
1419	4
1420	8
1421	5
1422	4
1423	3
1424	5
1425	6
1426	5
1427	5
1428	3
1429	4
1430	8
1431	2
1432	6
1433	6
1434	6
1435	4
1436	5
1437	3
1438	4
1439	6
1440	4
1441	4
1442	10
1443	4
1444	3
1445	3
1446	3
1447	3
1448	8
1449	6
1450	3
1451	7
1452	4
1453	5
1454	3
1455	3
1456	6
1457	3
1458	9
1459	3
1460	5
1461	5
1462	5
1463	5
1464	2
1465	7
1466	1
1467	5
1468	5
1469	7
1470	10
1471	6
1472	4
1473	5
1474	3
1475	6
1476	6
1477	5
1478	7
1479	6
1480	4
1481	7
1482	7
1483	8
1484	4
1485	8
1486	5
1487	4
1488	6
1489	3
1490	5
1491	1
1492	5
1493	8
1494	13
1495	0
1496	6
1497	5
1498	5
1499	4
1500	6
1501	1
1502	5
1503	8
1504	1
1505	4
1506	4
1507	8
1508	8
1509	5
1510	6
1511	4
1512	6
1513	10
1514	5
1515	4
1516	9
1517	2
1518	5
1519	6
1520	5
1521	5
1522	5
1523	9
1524	6
1525	3
1526	5
1527	5
1528	8
1529	8
1530	6
1531	3
1532	6
1533	3
1534	4
1535	16
1536	3
1537	6
1538	8
1539	6
1540	10
1541	4
1542	9
1543	5
1544	8
1545	5
1546	4
1547	5
1548	7
1549	9
1550	5
1551	3
1552	4
1553	4
1554	5
1555	4
1556	7
1557	6
1558	11
1559	7
1560	2
1561	18
1562	3
1563	5
1564	7
1565	5
1566	6
1567	10
1568	5
1569	4
1570	9
1571	9
1572	13
1573	3
1574	14
1575	6
1576	2
1577	9
1578	7
1579	7
1580	7
1581	4
1582	9
1583	6
1584	7
1585	5
1586	8
1587	7
1588	5
1589	8
1590	17
1591	6
1592	5
1593	6
1594	1
1595	7
1596	7
1597	6
1598	8
1599	9
1600	6
1601	4
1602	1
1603	2
1604	12
1605	1
1606	6
1607	3
1608	6
1609	7
1610	7
1611	8
1612	5
1613	9
1614	10
1615	4
1616	6
1617	6
1618	3
1619	11
1620	10
1621	3
1622	7
1623	8
1624	3
1625	5
1626	5
1627	8
1628	5
1629	6
1630	8
1631	7
1632	8
1633	7
1634	14
1635	9
1636	7
1637	6
1638	7
1639	1
1640	5
1641	8
1642	10
1643	4
1644	9
1645	4
1646	7
1647	4
1648	2
1649	6
1650	5
1651	7
1652	7
1653	8
1654	8
1655	5
1656	2
1657	8
1658	7
1659	5
1660	9
1661	9
1662	7
1663	12
1664	2
1665	4
1666	6
1667	5
1668	5
1669	7
1670	8
1671	7
1672	13
1673	4
1674	4
1675	3
1676	8
1677	10
1678	11
1679	7
1680	9
1681	8
1682	4
1683	6
1684	5
1685	5
1686	6
1687	4
1688	5
1689	10
1690	8
1691	6
1692	11
1693	1
1694	4
1695	7
1696	8
1697	7
1698	11
1699	7
1700	4
1701	3
1702	7
1703	12
1704	3
1705	7
1706	8
1707	2
1708	4
1709	10
1710	8
1711	4
1712	6
1713	3
1714	9
1715	5
1716	6
1717	9
1718	14
1719	8
1720	13
1721	12
1722	5
1723	6
1724	9
1725	9
1726	5
1727	7
1728	5
1729	3
1730	8
1731	9
1732	7
1733	9
1734	11
1735	10
1736	8
1737	11
1738	8
1739	8
1740	10
1741	9
1742	9
1743	8
1744	5
1745	7
1746	10
1747	6
1748	8
1749	7
1750	4
1751	9
1752	6
1753	11
1754	8
1755	6
1756	11
1757	7
1758	6
1759	14
1760	7
1761	7
1762	9
1763	10
1764	12
1765	8
1766	15
1767	9
1768	7
1769	6
1770	12
1771	6
1772	7
1773	7
1774	5
1775	6
1776	2
1777	7
1778	5
1779	7
1780	14
1781	7
1782	9
1783	14
1784	11
1785	10
1786	5
1787	7
1788	8
1789	5
1790	7
1791	12
1792	3
1793	10
1794	18
1795	10
1796	8
1797	7
1798	17
1799	11
1800	7
1801	14
1802	6
1803	10
1804	13
1805	13
1806	12
1807	9
1808	5
1809	8
1810	14
1811	8
1812	5
1813	9
1814	9
1815	9
1816	12
1817	14
1818	4
1819	13
1820	13
1821	9
1822	8
1823	11
1824	9
1825	7
1826	15
1827	9
1828	12
1829	9
1830	19
1831	6
1832	14
1833	13
1834	7
1835	12
1836	16
1837	18
1838	16
1839	8
1840	10
1841	16
1842	14
1843	14
1844	20
1845	14
1846	11
1847	16
1848	15
1849	15
1850	18
1851	16
1852	26
1853	14
1854	27
1855	17
1856	15
1857	18
1858	20
1859	17
1860	26
1861	17
1862	30
1863	12
1864	17
1865	23
1866	20
1867	13
1868	34
1869	28
1870	28
1871	18
1872	18
1873	21
1874	39
1875	32
1876	20
1877	23
1878	32
1879	20
1880	36
1881	31
1882	19
1883	41
1884	39
1885	27
1886	26
1887	31
1888	35
1889	29
1890	48
1891	38
1892	59
1893	31
1894	45
1895	38
1896	42
1897	43
1898	26
1899	33
1900	52
1901	32
1902	46
1903	34
1904	35
1905	37
1906	52
1907	36
1908	33
1909	38
1910	65
1911	31
1912	31
1913	45
1914	26
1915	37
1916	47
1917	31
1918	52
1919	38
1920	22
1921	31
1922	48
1923	48
1924	34
1925	29
1926	42
1927	27
1928	45
1929	40
1930	36
1931	25
1932	50
1933	33
1934	32
1935	37
1936	37
1937	26
1938	28
1939	36
1940	39
1941	29
1942	43
1943	28
1944	23
1945	34
1946	19
1947	24
1948	25
1949	40
1950	19
1951	33
1952	30
1953	31
1954	25
1955	13
1956	30
1957	25
1958	24
1959	17
1960	21
1961	21
1962	15
1963	14
1964	36
1965	26
1966	24
1967	8
1968	18
1969	16
1970	8
1971	19
1972	16
1973	17
1974	17
1975	11
1976	16
1977	19
1978	18
1979	14
1980	20
1981	9
1982	10
1983	14
1984	8
1985	10
1986	7
1987	12
1988	19
1989	7
1990	11
1991	11
1992	23
1993	12
1994	13
1995	16
1996	21
1997	13
1998	16
1999	19
2000	9
2001	15
2002	17
2003	12
2004	11
2005	8
2006	16
2007	8
2008	11
2009	12
2010	11
2011	13
2012	22
2013	14
2014	14
2015	14
2016	7
2017	16
2018	14
2019	11
2020	16
2021	13
2022	17
2023	13
2024	8
2025	20
2026	19
2027	14
2028	16
2029	10
2030	12
2031	12
2032	11
2033	5
2034	16
2035	13
2036	19
2037	13
2038	15
2039	14
2040	20
2041	16
2042	12
2043	19
2044	12
2045	7
2046	27
2047	10
2048	7
2049	10
2050	10
2051	13
2052	15
2053	4
2054	9
2055	16
2056	4
2057	7
2058	6
2059	8
2060	12
2061	12
2062	10
2063	10
2064	11
2065	13
2066	9
2067	13
2068	10
2069	6
2070	13
2071	5
2072	4
2073	8
2074	6
2075	16
2076	5
2077	7
2078	7
2079	14
2080	6
2081	11
2082	13
2083	10
2084	8
2085	2
2086	12
2087	5
2088	10
2089	8
2090	8
2091	7
2092	11
2093	11
2094	4
2095	7
2096	9
2097	9
2098	2
2099	14
2100	8
2101	12
2102	12
2103	9
2104	7
2105	9
2106	6
2107	11
2108	13
2109	8
2110	8
2111	15
2112	7
2113	7
2114	8
2115	10
2116	9
2117	12
2118	14
2119	15
2120	8
2121	13
2122	13
2123	3
2124	16
2125	15
2126	14
2127	20
2128	6
2129	12
2130	9
2131	19
2132	15
2133	10
2134	10
2135	7
2136	12
2137	16
2138	14
2139	18
2140	9
2141	15
2142	11
2143	18
2144	12
2145	16
2146	19
2147	17
2148	15
2149	11
2150	18
2151	10
2152	12
2153	12
2154	5
2155	9
2156	15
2157	15
2158	18
2159	14
2160	10
2161	11
2162	5
2163	7
2164	13
2165	13
2166	15
2167	14
2168	7
2169	12
2170	9
2171	13
2172	11
2173	11
2174	10
2175	7
2176	6
2177	10
2178	10
2179	8
2180	13
2181	13
2182	17
2183	7
2184	9
2185	13
2186	11
2187	9
2188	15
2189	12
2190	7
2191	11
2192	9
2193	11
2194	15
2195	15
2196	5
2197	8
2198	14
2199	5
2200	9
2201	9
2202	10
2203	10
2204	6
2205	6
2206	9
2207	9
2208	6
2209	7
2210	8
2211	6
2212	6
2213	4
2214	11
2215	13
2216	4
2217	10
2218	8
2219	9
2220	6
2221	4
2222	3
2223	8
2224	11
2225	10
2226	4
2227	10
2228	10
2229	7
2230	4
2231	5
2232	10
2233	9
2234	3
2235	5
2236	8
2237	7
2238	3
2239	6
2240	2
2241	9
2242	5
2243	5
2244	3
2245	6
2246	7
2247	5
2248	4
2249	9
2250	7
2251	5
2252	5
2253	4
2254	6
2255	7
2256	5
2257	4
2258	9
2259	8
2260	9
2261	4
2262	3
2263	4
2264	5
2265	6
2266	1
2267	7
2268	9
2269	9
2270	3
2271	7
2272	3
2273	3
2274	10
2275	7
2276	8
2277	5
2278	10
2279	6
2280	3
2281	7
2282	4
2283	6
2284	10
2285	8
2286	8
2287	6
2288	4
2289	1
2290	10
2291	9
2292	3
2293	6
2294	10
2295	2
2296	4
2297	10
2298	3
2299	5
2300	10
2301	1
2302	5
2303	4
2304	8
2305	5
2306	7
2307	13
2308	11
2309	3
2310	12
2311	5
2312	5
2313	5
2314	3
2315	2
2316	10
2317	12
2318	5
2319	2
2320	4
2321	4
2322	5
2323	6
2324	6
2325	2
2326	7
2327	3
2328	5
2329	6
2330	5
2331	6
2332	6
2333	7
2334	3
2335	8
2336	8
2337	5
2338	5
2339	5
2340	6
2341	5
2342	7
2343	5
2344	4
2345	9
2346	5
2347	4
2348	13
2349	4
2350	7
2351	4
2352	3
2353	7
2354	7
2355	7
2356	5
2357	7
2358	5
2359	3
2360	6
2361	5
2362	6
2363	7
2364	8
2365	2
2366	4
2367	6
2368	4
2369	4
2370	5
2371	2
2372	4
2373	5
2374	5
2375	9
2376	5
2377	7
2378	4
2379	10
2380	5
2381	2
2382	6
2383	5
2384	6
2385	7
2386	5
2387	4
2388	3
2389	10
2390	5
2391	3
2392	3
2393	8
2394	4
2395	3
2396	9
2397	4
2398	3
2399	7
2400	2
2401	5
2402	2
2403	6
2404	9
2405	5
2406	7
2407	7
2408	8
2409	4
2410	2
2411	1
2412	10
2413	5
2414	3
2415	2
2416	4
2417	3
2418	7
2419	3
2420	4
2421	7
2422	3
2423	3
2424	2
2425	6
2426	4
2427	4
2428	6
2429	5
2430	3
2431	6
2432	6
2433	6
2434	7
2435	4
2436	3
2437	3
2438	8
2439	7
2440	4
2441	6
2442	2
2443	6
2444	6
2445	4
2446	2
2447	4
2448	3
2449	5
2450	6
2451	5
2452	5
2453	3
2454	9
2455	2
2456	4
2457	3
2458	6
2459	5
2460	3
2461	4
2462	4
2463	3
2464	1
2465	1
2466	4
2467	2
2468	4
2469	3
2470	7
2471	4
2472	3
2473	2
2474	5
2475	4
2476	7
2477	8
2478	3
2479	3
2480	1
2481	9
2482	4
2483	2
2484	4
2485	4
2486	6
2487	3
2488	5
2489	9
2490	5
2491	4
2492	1
2493	4
2494	4
2495	4
2496	1
2497	9
2498	3
2499	7
2500	7
2501	4
2502	3
2503	6
2504	2
2505	4
2506	8
2507	4
2508	2
2509	4
2510	3
2511	4
2512	6
2513	3
2514	7
2515	5
2516	5
2517	5
2518	3
2519	1
2520	5
2521	8
2522	4
2523	6
2524	4
2525	5
2526	7
2527	7
2528	4
2529	7
2530	2
2531	4
2532	8
2533	2
2534	9
2535	4
2536	3
2537	7
2538	4
2539	2
2540	5
2541	7
2542	1
2543	5
2544	2
2545	4
2546	2
2547	4
2548	5
2549	5
2550	4
2551	3
2552	6
2553	7
2554	2
2555	3
2556	5
2557	7
2558	7
2559	8
2560	6
2561	7
2562	4
2563	3
2564	7
2565	7
2566	9
2567	4
2568	9
2569	8
2570	6
2571	5
2572	6
2573	10
2574	7
2575	9
2576	4
2577	6
2578	6
2579	6
2580	5
2581	2
2582	9
2583	4
2584	6
2585	8
2586	5
2587	8
2588	8
2589	5
2590	5
2591	8
2592	6
2593	9
2594	6
2595	12
2596	4
2597	7
2598	13
2599	7
2600	5
2601	4
2602	6
2603	6
2604	6
2605	4
2606	12
2607	6
2608	6
2609	7
2610	9
2611	10
2612	8
2613	0
2614	4
2615	9
2616	2
2617	10
2618	5
2619	5
2620	8
2621	4
2622	6
2623	7
2624	5
2625	8
2626	6
2627	13
2628	6
2629	5
2630	5
2631	3
2632	3
2633	7
2634	6
2635	5
2636	3
2637	5
2638	7
2639	6
2640	5
2641	2
2642	6
2643	4
2644	0
2645	2
2646	6
2647	4
2648	8
2649	5
2650	1
2651	6
2652	1
2653	3
2654	1
2655	5
2656	1
2657	2
2658	5
2659	4
2660	4
2661	4
2662	9
2663	5
2664	4
2665	4
2666	1
2667	3
2668	4
2669	3
2670	3
2671	3
2672	3
2673	1
2674	7
2675	4
2676	6
2677	4
2678	6
2679	1
2680	5
2681	3
2682	7
2683	6
2684	1
2685	5
2686	5
2687	4
2688	4
2689	3
2690	8
2691	2
2692	6
2693	1
2694	7
2695	5
2696	4
2697	7
2698	4
2699	8
2700	4
2701	6
2702	2
2703	5
2704	5
2705	6
2706	4
2707	4
2708	6
2709	3
2710	5
2711	7
2712	3
2713	3
2714	1
2715	4
2716	3
2717	2
2718	7
2719	4
2720	2
2721	6
2722	2
2723	2
2724	7
2725	1
2726	8
2727	8
2728	1
2729	5
2730	1
2731	4
2732	3
2733	4
2734	2
2735	2
2736	2
2737	1
2738	4
2739	5
2740	1
2741	4
2742	4
2743	4
2744	4
2745	4
2746	7
2747	4
2748	4
2749	1
2750	6
2751	3
2752	3
2753	7
2754	5
2755	1
2756	6
2757	2
2758	10
2759	1
2760	4
2761	7
2762	2
2763	3
2764	8
2765	5
2766	3
2767	0
2768	2
2769	2
2770	2
2771	4
2772	2
2773	2
2774	5
2775	2
2776	5
2777	4
2778	4
2779	2
2780	4
2781	3
2782	4
2783	6
2784	7
2785	2
2786	2
2787	8
2788	8
2789	5
2790	2
2791	4
2792	3
2793	5
2794	0
2795	5
2796	8
2797	3
2798	6
2799	2
2800	2
2801	2
2802	2
2803	4
2804	7
2805	4
2806	5
2807	3
2808	5
2809	5
2810	4
2811	6
2812	4
2813	3
2814	4
2815	0
2816	3
2817	5
2818	5
2819	4
2820	5
2821	2
2822	6
2823	4
2824	3
2825	5
2826	2
2827	2
2828	6
2829	2
2830	2
2831	7
2832	5
2833	2
2834	3
2835	4
2836	2
2837	2
2838	0
2839	3
2840	5
2841	9
2842	3
2843	6
2844	6
2845	3
2846	3
2847	5
2848	6
2849	4
2850	5
2851	2
2852	4
2853	3
2854	6
2855	0
2856	5
2857	7
2858	3
2859	11
2860	5
2861	3
2862	2
2863	5
2864	7
2865	1
2866	6
2867	6
2868	4
2869	3
2870	4
2871	7
2872	1
2873	2
2874	2
2875	4
2876	6
2877	2
2878	1
2879	4
2880	6
2881	5
2882	4
2883	3
2884	5
2885	1
2886	1
2887	3
2888	3
2889	6
2890	2
2891	2
2892	6
2893	1
2894	5
2895	2
2896	3
2897	1
2898	7
2899	4
2900	1
2901	1
2902	3
2903	5
2904	1
2905	6
2906	3
2907	4
2908	6
2909	4
2910	4
2911	2
2912	2
2913	3
2914	2
2915	4
2916	7
2917	4
2918	6
2919	1
2920	3
2921	7
2922	1
2923	5
2924	6
2925	7
2926	1
2927	4
2928	2
2929	2
2930	1
2931	1
2932	3
2933	3
2934	4
2935	4
2936	2
2937	4
2938	3
2939	6
2940	4
2941	5
2942	2
2943	6
2944	4
2945	5
2946	3
2947	4
2948	6
2949	3
2950	5
2951	1
2952	5
2953	6
2954	0
2955	2
2956	9
2957	2
2958	6
2959	3
2960	7
2961	6
2962	4
2963	4
2964	3
2965	8
2966	4
2967	3
2968	3
2969	3
2970	3
2971	1
2972	2
2973	4
2974	5
2975	5
2976	8
2977	3
2978	6
2979	1
2980	8
2981	2
2982	1
2983	4
2984	3
2985	6
2986	1
2987	1
2988	8
2989	4
2990	1
2991	4
2992	3
2993	4
2994	5
2995	2
2996	1
2997	2
2998	4
2999	3
3000	2
3001	4
3002	4
3003	2
3004	6
3005	3
3006	0
3007	5
3008	5
3009	1
3010	2
3011	1
3012	1
3013	0
3014	5
3015	3
3016	2
3017	2
3018	5
3019	4
3020	1
3021	5
3022	7
3023	4
3024	2
3025	3
3026	3
3027	4
3028	4
3029	3
3030	4
3031	5
3032	5
3033	4
3034	2
3035	3
3036	4
3037	1
3038	4
3039	2
3040	6
3041	6
3042	3
3043	3
3044	6
3045	5
3046	3
3047	2
3048	1
3049	2
3050	1
3051	3
3052	0
3053	3
3054	3
3055	2
3056	4
3057	2
3058	3
3059	1
3060	3
3061	3
3062	2
3063	2
3064	5
3065	5
3066	2
3067	2
3068	6
3069	1
3070	4
3071	0
3072	3
3073	4
3074	5
3075	6
3076	3
3077	5
3078	2
3079	3
3080	2
3081	3
3082	4
3083	1
3084	3
3085	3
3086	4
3087	3
3088	1
3089	2
3090	3
3091	6
3092	2
3093	1
3094	9
3095	3
3096	1
3097	3
3098	2
3099	6
3100	1
3101	6
3102	4
3103	4
3104	2
3105	5
3106	2
3107	5
3108	6
3109	4
3110	2
3111	2
3112	2
3113	4
3114	3
3115	4
3116	3
3117	1
3118	4
3119	5
3120	4
3121	0
3122	2
3123	7
3124	1
3125	4
3126	2
3127	2
3128	2
3129	4
3130	3
3131	2
3132	1
3133	2
3134	6
3135	2
3136	3
3137	3
3138	0
3139	5
3140	5
3141	0
3142	4
3143	4
3144	2
3145	3
3146	0
3147	4
3148	3
3149	1
3150	0
3151	5
3152	0
3153	2
3154	2
3155	8
3156	2
3157	3
3158	4
3159	2
3160	1
3161	4
3162	2
3163	4
3164	2
3165	0
3166	3
3167	1
3168	1
3169	1
3170	2
3171	2
3172	4
3173	0
3174	4
3175	1
3176	3
3177	2
3178	2
3179	5
3180	1
3181	1
3182	0
3183	4
3184	4
3185	2
3186	4
3187	2
3188	4
3189	0
3190	3
3191	4
3192	1
3193	2
3194	3
3195	2
3196	4
3197	1
3198	3
3199	4
3200	2
3201	1
3202	0
3203	4
3204	6
3205	2
3206	2
3207	0
3208	0
3209	2
3210	1
3211	3
3212	2
3213	3
3214	3
3215	1
3216	3
3217	8
3218	3
3219	1
3220	1
3221	1
3222	4
3223	3
3224	1
3225	4
3226	1
3227	1
3228	2
3229	1
3230	2
3231	2
3232	1
3233	1
3234	3
3235	0
3236	2
3237	0
3238	4
3239	2
3240	5
3241	2
3242	5
3243	4
3244	1
3245	1
3246	2
3247	3
3248	0
3249	2
3250	4
3251	4
3252	0
3253	2
3254	2
3255	3
3256	2
3257	2
3258	0
3259	1
3260	1
3261	5
3262	0
3263	6
3264	3
3265	3
3266	3
3267	2
3268	2
3269	0
3270	3
3271	2
3272	1
3273	2
3274	0
3275	0
3276	4
3277	2
3278	4
3279	1
3280	0
3281	2
3282	1
3283	6
3284	4
3285	0
3286	3
3287	2
3288	3
3289	2
3290	1
3291	3
3292	3
3293	2
3294	2
3295	1
3296	2
3297	1
3298	3
3299	2
3300	3
3301	2
3302	2
3303	2
3304	1
3305	5
3306	1
3307	1
3308	6
3309	0
3310	0
3311	3
3312	0
3313	2
3314	1
3315	5
3316	0
3317	4
3318	4
3319	1
3320	1
3321	2
3322	1
3323	3
3324	1
3325	3
3326	2
3327	1
3328	3
3329	2
3330	3
3331	1
3332	4
3333	2
3334	2
3335	3
3336	2
3337	1
3338	2
3339	4
3340	3
3341	2
3342	0
3343	2
3344	2
3345	2
3346	4
3347	1
3348	2
3349	3
3350	2
3351	1
3352	5
3353	2
3354	0
3355	1
3356	2
3357	1
3358	3
3359	2
3360	1
3361	2
3362	2
3363	2
3364	0
3365	1
3366	2
3367	4
3368	2
3369	3
3370	1
3371	1
3372	2
3373	2
3374	3
3375	2
3376	3
3377	0
3378	1
3379	3
3380	3
3381	2
3382	2
3383	2
3384	4
3385	3
3386	1
3387	0
3388	1
3389	1
3390	0
3391	2
3392	5
3393	6
3394	2
3395	1
3396	1
3397	1
3398	0
3399	0
3400	2
3401	0
3402	2
3403	1
3404	1
3405	3
3406	1
3407	1
3408	4
3409	1
3410	0
3411	4
3412	2
3413	0
3414	4
3415	2
3416	2
3417	3
3418	1
3419	0
3420	0
3421	0
3422	1
3423	3
3424	2
3425	0
3426	0
3427	0
3428	2
3429	1
3430	1
3431	1
3432	1
3433	2
3434	1
3435	1
3436	3
3437	3
3438	2
3439	0
3440	0
3441	1
3442	1
3443	0
3444	3
3445	2
3446	4
3447	1
3448	2
3449	4
3450	1
3451	3
3452	0
3453	0
3454	0
3455	3
3456	7
3457	2
3458	2
3459	1
3460	2
3461	1
3462	3
3463	1
3464	0
3465	1
3466	2
3467	2
3468	1
3469	2
3470	2
3471	2
3472	2
3473	3
3474	0
3475	2
3476	1
3477	0
3478	1
3479	0
3480	1
3481	1
3482	0
3483	1
3484	0
3485	2
3486	1
3487	2
3488	0
3489	2
3490	1
3491	1
3492	2
3493	0
3494	4
3495	1
3496	0
3497	1
3498	2
3499	0
3500	1
3501	1
3502	3
3503	0
3504	1
3505	0
3506	2
3507	2
3508	0
3509	0
3510	0
3511	2
3512	0
3513	2
3514	0
3515	0
3516	4
3517	0
3518	2
3519	1
3520	0
3521	3
3522	0
3523	0
3524	2
3525	0
3526	1
3527	1
3528	1
3529	0
3530	1
3531	1
3532	0
3533	2
3534	0
3535	1
3536	0
3537	3
3538	0
3539	0
3540	0
3541	0
3542	3
3543	0
3544	0
3545	0
3546	1
3547	3
3548	1
3549	0
3550	0
3551	1
3552	0
3553	1
3554	0
3555	0
3556	2
3557	0
3558	2
3559	0
3560	0
3561	1
3562	0
3563	0
3564	1
3565	0
3566	2
3567	0
3568	0
3569	0
3570	3
3571	1
3572	0
3573	0
3574	1
3575	0
3576	1
3577	2
3578	0
3579	1
3580	0
3581	0
3582	0
3583	1
3584	2
3585	0
3586	2
3587	0
3588	1
3589	2
3590	0
3591	0
3592	3
3593	2
3594	1
3595	2
3596	0
3597	0
3598	0
3599	1
3600	0
3601	0
3602	0
3603	2
3604	1
3605	1
3606	0
3607	0
3608	1
3609	2
3610	1
3611	0
3612	1
3613	0
3614	0
3615	0
3616	1
3617	0
3618	1
3619	0
3620	0
3621	0
3622	1
3623	1
3624	1
3625	0
3626	1
3627	0
3628	1
3629	0
3630	0
3631	0
3632	1
3633	0
3634	0
3635	2
3636	0
3637	1
3638	0
3639	0
3640	0
3641	0
3642	0
3643	1
3644	0
3645	1
3646	0
3647	0
3648	0
3649	0
3650	0
3651	1
3652	1
3653	0
3654	2
3655	0
3656	1
3657	0
3658	0
3659	0
3660	1
3661	0
3662	0
3663	0
3664	0
3665	0
3666	1
3667	0
3668	0
3669	2
3670	0
3671	0
3672	0
3673	1
3674	1
3675	0
3676	1
3677	0
3678	0
3679	0
3680	0
3681	0
3682	0
3683	1
3684	1
3685	1
3686	0
3687	1
3688	1
3689	0
3690	1
3691	0
3692	1
3693	0
3694	0
3695	0
3696	0
3697	0
3698	0
3699	1
3700	0
3701	0
3702	2
3703	0
3704	0
3705	0
3706	0
3707	0
3708	1
3709	0
3710	1
3711	1
3712	0
3713	0
3714	1
3715	1
3716	0
3717	0
3718	0
3719	0
3720	0
3721	0
3722	2
3723	0
3724	1
3725	0
3726	0
3727	0
3728	1
3729	0
3730	0
3731	0
3732	0
3733	0
3734	1
3735	0
3736	0
3737	0
3738	1
3739	0
3740	0
3741	0
3742	1
3743	0
3744	0
3745	0
3746	0
3747	0
3748	1
3749	0
3750	0
3751	0
3752	0
3753	0
3754	0
3755	0
3756	0
3757	1
3758	0
3759	0
3760	0
3761	1
3762	0
3763	0
3764	0
3765	0
3766	1
3767	0
3768	0
3769	0
3770	0
3771	0
3772	0
3773	1
3774	0
3775	0
3776	0
3777	0
3778	0
3779	0
3780	0
3781	0
3782	0
3783	0
3784	0
3785	0
3786	0
3787	0
3788	0
3789	0
3790	0
3791	0
3792	0
3793	1
3794	0
3795	0
3796	0
3797	0
3798	0
3799	0
3800	1
3801	0
3802	0
3803	0
3804	0
3805	0
3806	0
3807	0
3808	0
3809	1
3810	0
3811	0
3812	0
3813	0
3814	0
3815	0
3816	0
3817	0
3818	0
3819	0
3820	0
3821	0
3822	0
3823	1
3824	0
3825	0
3826	0
3827	0
3828	0
3829	0
3830	0
3831	0
3832	0
3833	0
3834	0
3835	0
3836	0
3837	0
3838	0
3839	0
3840	0
3841	0
3842	0
3843	0
3844	0
3845	0
3846	0
3847	0
3848	0
3849	0
3850	0
3851	0
3852	0
3853	0
3854	0
3855	0
3856	0
3857	0
3858	0
3859	0
3860	1
3861	0
3862	0
3863	0
3864	0
3865	0
3866	0
3867	0
3868	0
3869	0
3870	0
3871	0
3872	1
3873	0
3874	0
3875	0
3876	0
3877	0
3878	0
3879	0
3880	0
3881	0
3882	0
3883	0
3884	0
3885	0
3886	0
3887	0
3888	0
3889	0
3890	0
3891	0
3892	0
3893	0
3894	0
3895	0
3896	0
3897	0
3898	0
3899	0
3900	0
3901	0
3902	0
3903	0
3904	0
3905	0
3906	0
3907	0
3908	0
3909	0
3910	0
3911	0
3912	0
3913	0
3914	0
3915	1
3916	0
3917	0
3918	0
3919	0
3920	0
3921	0
3922	0
3923	0
3924	0
3925	0
3926	0
3927	0
3928	0
3929	0
3930	0
3931	0
3932	0
3933	0
3934	0
3935	0
3936	0
3937	0
3938	0
3939	0
3940	0
3941	0
3942	0
3943	0
3944	0
3945	0
3946	0
3947	0
3948	0
3949	0
3950	0
3951	0
3952	0
3953	0
3954	0
3955	0
3956	0
3957	0
3958	0
3959	0
3960	0
3961	0
3962	0
3963	0
3964	0
3965	0
3966	0
3967	0
3968	0
3969	0
3970	0
3971	0
3972	0
3973	0
3974	0
3975	0
3976	0
3977	0
3978	0
3979	0
3980	0
3981	0
3982	0
3983	0
3984	0
3985	0
3986	0
3987	0
3988	0
3989	0
3990	0
3991	0
3992	0
3993	0
3994	0
3995	0
3996	0
3997	0
3998	0
3999	0
4000	0
