Channel number	Impulses
Channel/#	Impulses/#

0	0
1	0
2	0
3	0
4	0
5	0
6	0
7	0
8	0
9	0
10	0
11	0
12	0
13	0
14	0
15	0
16	0
17	0
18	0
19	0
20	0
21	0
22	0
23	0
24	0
25	0
26	0
27	0
28	0
29	0
30	0
31	0
32	0
33	0
34	0
35	0
36	0
37	0
38	0
39	0
40	0
41	0
42	0
43	0
44	0
45	0
46	0
47	0
48	0
49	0
50	0
51	0
52	1
53	0
54	5
55	0
56	0
57	2
58	0
59	5
60	4
61	9
62	7
63	5
64	1
65	3
66	5
67	1
68	4
69	5
70	2
71	3
72	2
73	3
74	2
75	2
76	3
77	4
78	3
79	3
80	4
81	1
82	5
83	2
84	5
85	6
86	5
87	1
88	2
89	4
90	2
91	3
92	1
93	1
94	5
95	2
96	1
97	1
98	6
99	3
100	2
101	2
102	3
103	3
104	1
105	3
106	2
107	2
108	5
109	4
110	4
111	3
112	0
113	0
114	2
115	0
116	2
117	3
118	2
119	3
120	3
121	5
122	0
123	2
124	2
125	1
126	5
127	6
128	2
129	0
130	2
131	4
132	1
133	2
134	3
135	3
136	2
137	3
138	2
139	0
140	3
141	0
142	1
143	2
144	2
145	5
146	1
147	1
148	1
149	2
150	1
151	3
152	0
153	2
154	3
155	3
156	2
157	4
158	3
159	4
160	1
161	2
162	1
163	4
164	1
165	1
166	5
167	4
168	1
169	1
170	2
171	4
172	3
173	1
174	5
175	1
176	2
177	2
178	0
179	1
180	1
181	4
182	3
183	1
184	0
185	4
186	5
187	1
188	1
189	4
190	1
191	3
192	3
193	3
194	2
195	2
196	2
197	2
198	4
199	1
200	3
201	1
202	1
203	1
204	2
205	0
206	3
207	2
208	1
209	0
210	1
211	1
212	1
213	0
214	2
215	0
216	1
217	1
218	1
219	0
220	1
221	1
222	2
223	1
224	1
225	1
226	2
227	1
228	1
229	1
230	4
231	5
232	0
233	2
234	1
235	3
236	0
237	2
238	1
239	2
240	2
241	1
242	1
243	2
244	1
245	3
246	0
247	4
248	2
249	0
250	1
251	3
252	2
253	0
254	3
255	1
256	1
257	1
258	1
259	3
260	1
261	2
262	5
263	2
264	0
265	1
266	1
267	0
268	1
269	1
270	1
271	3
272	0
273	0
274	0
275	3
276	3
277	2
278	2
279	1
280	2
281	2
282	0
283	0
284	2
285	2
286	3
287	2
288	0
289	1
290	3
291	0
292	0
293	0
294	1
295	1
296	0
297	1
298	1
299	1
300	3
301	0
302	4
303	1
304	1
305	1
306	0
307	0
308	0
309	0
310	1
311	0
312	0
313	1
314	0
315	2
316	1
317	1
318	2
319	2
320	2
321	0
322	2
323	1
324	1
325	0
326	0
327	0
328	0
329	2
330	0
331	1
332	1
333	2
334	2
335	2
336	0
337	0
338	1
339	0
340	1
341	0
342	3
343	0
344	2
345	0
346	1
347	2
348	1
349	1
350	1
351	0
352	1
353	1
354	0
355	1
356	1
357	4
358	2
359	0
360	0
361	3
362	0
363	1
364	0
365	2
366	3
367	1
368	1
369	1
370	1
371	1
372	0
373	0
374	2
375	2
376	1
377	4
378	0
379	0
380	1
381	3
382	0
383	1
384	0
385	1
386	0
387	1
388	1
389	0
390	0
391	0
392	1
393	0
394	2
395	0
396	1
397	2
398	2
399	2
400	3
401	0
402	1
403	1
404	0
405	0
406	0
407	0
408	1
409	1
410	2
411	1
412	0
413	3
414	0
415	0
416	0
417	0
418	0
419	0
420	0
421	4
422	1
423	0
424	2
425	2
426	2
427	5
428	2
429	2
430	0
431	1
432	2
433	1
434	1
435	0
436	3
437	0
438	2
439	0
440	1
441	1
442	1
443	0
444	2
445	1
446	0
447	1
448	1
449	0
450	0
451	0
452	2
453	0
454	2
455	2
456	1
457	1
458	0
459	0
460	2
461	1
462	6
463	0
464	1
465	0
466	1
467	2
468	3
469	2
470	2
471	0
472	3
473	2
474	1
475	1
476	3
477	1
478	2
479	0
480	0
481	1
482	0
483	2
484	1
485	1
486	0
487	2
488	1
489	0
490	0
491	0
492	3
493	1
494	1
495	1
496	1
497	1
498	1
499	0
500	1
501	0
502	1
503	0
504	0
505	0
506	3
507	1
508	1
509	2
510	0
511	2
512	0
513	2
514	1
515	0
516	2
517	0
518	0
519	1
520	1
521	1
522	1
523	1
524	0
525	0
526	1
527	4
528	2
529	2
530	0
531	0
532	0
533	1
534	0
535	3
536	1
537	1
538	2
539	4
540	1
541	0
542	1
543	2
544	0
545	3
546	3
547	0
548	1
549	2
550	0
551	3
552	0
553	0
554	2
555	0
556	1
557	0
558	0
559	0
560	3
561	0
562	1
563	0
564	2
565	0
566	1
567	3
568	1
569	1
570	0
571	0
572	1
573	0
574	0
575	2
576	1
577	1
578	1
579	1
580	1
581	0
582	2
583	0
584	1
585	1
586	1
587	2
588	1
589	0
590	2
591	1
592	2
593	0
594	3
595	1
596	0
597	2
598	0
599	0
600	1
601	2
602	2
603	1
604	0
605	0
606	0
607	1
608	1
609	0
610	1
611	1
612	2
613	1
614	1
615	1
616	0
617	1
618	0
619	1
620	0
621	1
622	0
623	0
624	0
625	2
626	1
627	1
628	0
629	1
630	1
631	0
632	1
633	2
634	0
635	1
636	3
637	1
638	1
639	0
640	1
641	0
642	1
643	3
644	1
645	0
646	0
647	0
648	1
649	2
650	1
651	1
652	0
653	1
654	0
655	0
656	0
657	0
658	1
659	2
660	0
661	0
662	1
663	0
664	0
665	2
666	1
667	0
668	0
669	0
670	1
671	0
672	0
673	0
674	0
675	0
676	0
677	1
678	1
679	0
680	1
681	0
682	0
683	0
684	0
685	2
686	2
687	0
688	0
689	2
690	3
691	1
692	2
693	1
694	0
695	0
696	0
697	2
698	0
699	1
700	3
701	3
702	1
703	0
704	0
705	1
706	1
707	1
708	1
709	0
710	4
711	2
712	0
713	1
714	1
715	1
716	3
717	0
718	1
719	2
720	1
721	3
722	3
723	0
724	0
725	1
726	0
727	0
728	2
729	2
730	2
731	1
732	1
733	0
734	2
735	1
736	0
737	0
738	1
739	0
740	2
741	0
742	1
743	0
744	1
745	1
746	2
747	2
748	1
749	1
750	1
751	0
752	1
753	0
754	1
755	0
756	1
757	0
758	4
759	1
760	0
761	1
762	2
763	0
764	0
765	2
766	1
767	2
768	1
769	0
770	1
771	0
772	0
773	1
774	1
775	1
776	2
777	1
778	1
779	0
780	2
781	0
782	2
783	0
784	1
785	1
786	0
787	2
788	1
789	2
790	0
791	0
792	2
793	1
794	0
795	2
796	0
797	2
798	1
799	3
800	2
801	1
802	0
803	1
804	2
805	1
806	3
807	0
808	1
809	2
810	1
811	0
812	0
813	0
814	1
815	0
816	2
817	1
818	1
819	4
820	2
821	1
822	2
823	2
824	1
825	3
826	2
827	0
828	3
829	0
830	0
831	1
832	1
833	2
834	0
835	3
836	1
837	1
838	3
839	0
840	2
841	1
842	1
843	0
844	2
845	5
846	2
847	2
848	1
849	5
850	1
851	0
852	5
853	1
854	0
855	1
856	0
857	2
858	1
859	1
860	5
861	1
862	3
863	0
864	3
865	1
866	3
867	1
868	1
869	0
870	1
871	5
872	0
873	2
874	0
875	3
876	2
877	5
878	1
879	0
880	2
881	3
882	3
883	1
884	5
885	2
886	2
887	2
888	5
889	0
890	4
891	1
892	0
893	3
894	0
895	1
896	1
897	2
898	4
899	2
900	3
901	3
902	4
903	2
904	1
905	1
906	1
907	1
908	3
909	4
910	1
911	3
912	1
913	1
914	1
915	1
916	0
917	5
918	1
919	2
920	3
921	2
922	0
923	0
924	2
925	0
926	1
927	1
928	1
929	1
930	0
931	1
932	2
933	2
934	1
935	0
936	0
937	0
938	1
939	1
940	2
941	0
942	1
943	2
944	4
945	1
946	0
947	2
948	0
949	3
950	1
951	0
952	1
953	1
954	0
955	3
956	3
957	0
958	2
959	0
960	1
961	1
962	1
963	2
964	1
965	2
966	3
967	3
968	0
969	1
970	0
971	1
972	3
973	2
974	0
975	0
976	1
977	1
978	0
979	3
980	0
981	2
982	2
983	0
984	0
985	2
986	0
987	2
988	2
989	5
990	2
991	2
992	1
993	2
994	2
995	0
996	2
997	0
998	2
999	2
1000	3
1001	1
1002	2
1003	0
1004	1
1005	0
1006	0
1007	3
1008	1
1009	2
1010	3
1011	2
1012	2
1013	0
1014	2
1015	0
1016	1
1017	1
1018	4
1019	0
1020	3
1021	2
1022	0
1023	2
1024	0
1025	1
1026	1
1027	1
1028	0
1029	3
1030	6
1031	2
1032	1
1033	3
1034	2
1035	2
1036	2
1037	1
1038	4
1039	1
1040	1
1041	0
1042	1
1043	3
1044	3
1045	1
1046	3
1047	2
1048	0
1049	0
1050	2
1051	3
1052	2
1053	2
1054	3
1055	2
1056	2
1057	3
1058	3
1059	1
1060	2
1061	0
1062	1
1063	1
1064	3
1065	4
1066	1
1067	0
1068	4
1069	1
1070	2
1071	2
1072	0
1073	7
1074	2
1075	0
1076	2
1077	1
1078	4
1079	2
1080	4
1081	1
1082	2
1083	3
1084	2
1085	2
1086	3
1087	5
1088	2
1089	3
1090	2
1091	4
1092	2
1093	2
1094	3
1095	1
1096	4
1097	5
1098	1
1099	3
1100	5
1101	5
1102	1
1103	0
1104	2
1105	3
1106	5
1107	4
1108	4
1109	4
1110	1
1111	4
1112	0
1113	7
1114	3
1115	1
1116	1
1117	6
1118	1
1119	3
1120	2
1121	3
1122	2
1123	2
1124	1
1125	0
1126	2
1127	3
1128	3
1129	4
1130	4
1131	2
1132	4
1133	0
1134	1
1135	3
1136	1
1137	1
1138	4
1139	1
1140	3
1141	1
1142	1
1143	4
1144	4
1145	0
1146	2
1147	0
1148	6
1149	1
1150	3
1151	1
1152	3
1153	2
1154	0
1155	0
1156	0
1157	0
1158	7
1159	3
1160	1
1161	3
1162	0
1163	1
1164	2
1165	1
1166	2
1167	1
1168	3
1169	3
1170	2
1171	1
1172	0
1173	2
1174	3
1175	0
1176	4
1177	1
1178	3
1179	2
1180	1
1181	1
1182	5
1183	6
1184	0
1185	2
1186	2
1187	6
1188	4
1189	3
1190	6
1191	4
1192	1
1193	6
1194	2
1195	1
1196	1
1197	2
1198	3
1199	2
1200	5
1201	5
1202	2
1203	5
1204	3
1205	3
1206	3
1207	0
1208	4
1209	6
1210	2
1211	4
1212	5
1213	4
1214	4
1215	7
1216	2
1217	1
1218	2
1219	1
1220	11
1221	1
1222	5
1223	4
1224	6
1225	5
1226	6
1227	2
1228	2
1229	2
1230	3
1231	4
1232	3
1233	4
1234	3
1235	5
1236	0
1237	4
1238	3
1239	2
1240	3
1241	1
1242	6
1243	4
1244	1
1245	1
1246	1
1247	2
1248	1
1249	2
1250	3
1251	3
1252	3
1253	3
1254	2
1255	3
1256	5
1257	4
1258	5
1259	2
1260	2
1261	2
1262	2
1263	2
1264	4
1265	3
1266	6
1267	3
1268	1
1269	1
1270	3
1271	3
1272	5
1273	3
1274	3
1275	3
1276	2
1277	4
1278	1
1279	5
1280	2
1281	3
1282	7
1283	3
1284	7
1285	7
1286	3
1287	2
1288	4
1289	6
1290	1
1291	6
1292	2
1293	5
1294	5
1295	3
1296	2
1297	4
1298	4
1299	7
1300	1
1301	1
1302	4
1303	6
1304	4
1305	1
1306	4
1307	3
1308	3
1309	4
1310	0
1311	3
1312	6
1313	3
1314	3
1315	3
1316	0
1317	5
1318	7
1319	6
1320	4
1321	4
1322	2
1323	7
1324	5
1325	4
1326	2
1327	3
1328	1
1329	6
1330	1
1331	2
1332	4
1333	3
1334	8
1335	4
1336	4
1337	2
1338	5
1339	3
1340	2
1341	5
1342	5
1343	6
1344	2
1345	3
1346	3
1347	5
1348	3
1349	6
1350	3
1351	3
1352	4
1353	6
1354	7
1355	4
1356	2
1357	7
1358	0
1359	6
1360	3
1361	1
1362	5
1363	3
1364	3
1365	1
1366	4
1367	0
1368	2
1369	5
1370	2
1371	6
1372	2
1373	0
1374	6
1375	6
1376	2
1377	2
1378	2
1379	1
1380	4
1381	2
1382	8
1383	6
1384	3
1385	5
1386	5
1387	1
1388	6
1389	4
1390	4
1391	1
1392	5
1393	1
1394	6
1395	3
1396	2
1397	3
1398	2
1399	6
1400	7
1401	3
1402	6
1403	7
1404	6
1405	3
1406	5
1407	10
1408	2
1409	5
1410	5
1411	0
1412	5
1413	3
1414	3
1415	4
1416	4
1417	4
1418	6
1419	4
1420	4
1421	6
1422	1
1423	7
1424	3
1425	3
1426	5
1427	4
1428	5
1429	2
1430	3
1431	6
1432	9
1433	4
1434	3
1435	3
1436	5
1437	7
1438	3
1439	9
1440	2
1441	4
1442	6
1443	6
1444	9
1445	2
1446	5
1447	1
1448	3
1449	1
1450	2
1451	3
1452	4
1453	4
1454	6
1455	0
1456	4
1457	6
1458	2
1459	5
1460	7
1461	7
1462	6
1463	4
1464	6
1465	3
1466	4
1467	2
1468	5
1469	6
1470	5
1471	5
1472	6
1473	5
1474	4
1475	3
1476	4
1477	6
1478	6
1479	2
1480	8
1481	5
1482	2
1483	8
1484	0
1485	3
1486	4
1487	2
1488	2
1489	3
1490	3
1491	5
1492	5
1493	5
1494	5
1495	3
1496	2
1497	3
1498	4
1499	4
1500	3
1501	3
1502	7
1503	5
1504	2
1505	5
1506	2
1507	2
1508	6
1509	4
1510	6
1511	2
1512	4
1513	9
1514	1
1515	5
1516	6
1517	3
1518	3
1519	1
1520	4
1521	3
1522	1
1523	4
1524	5
1525	3
1526	6
1527	6
1528	5
1529	4
1530	4
1531	4
1532	3
1533	8
1534	7
1535	4
1536	1
1537	3
1538	5
1539	8
1540	8
1541	4
1542	6
1543	4
1544	3
1545	3
1546	5
1547	6
1548	13
1549	4
1550	6
1551	7
1552	4
1553	8
1554	6
1555	4
1556	12
1557	7
1558	6
1559	3
1560	4
1561	3
1562	3
1563	6
1564	5
1565	4
1566	7
1567	6
1568	2
1569	3
1570	10
1571	3
1572	6
1573	7
1574	5
1575	3
1576	8
1577	4
1578	3
1579	4
1580	6
1581	8
1582	7
1583	3
1584	2
1585	6
1586	8
1587	4
1588	5
1589	5
1590	8
1591	1
1592	3
1593	8
1594	6
1595	7
1596	3
1597	2
1598	6
1599	4
1600	5
1601	4
1602	2
1603	3
1604	5
1605	7
1606	6
1607	5
1608	9
1609	3
1610	8
1611	2
1612	3
1613	3
1614	3
1615	3
1616	6
1617	6
1618	6
1619	4
1620	5
1621	5
1622	7
1623	4
1624	7
1625	7
1626	4
1627	9
1628	8
1629	3
1630	3
1631	2
1632	5
1633	1
1634	7
1635	5
1636	6
1637	5
1638	3
1639	6
1640	5
1641	4
1642	7
1643	7
1644	6
1645	9
1646	5
1647	5
1648	0
1649	5
1650	5
1651	1
1652	10
1653	2
1654	7
1655	2
1656	6
1657	5
1658	7
1659	5
1660	3
1661	5
1662	8
1663	4
1664	5
1665	4
1666	9
1667	5
1668	7
1669	4
1670	9
1671	1
1672	6
1673	7
1674	3
1675	8
1676	6
1677	6
1678	5
1679	2
1680	9
1681	8
1682	3
1683	4
1684	9
1685	6
1686	7
1687	3
1688	9
1689	6
1690	3
1691	10
1692	9
1693	4
1694	9
1695	4
1696	6
1697	6
1698	7
1699	4
1700	7
1701	4
1702	5
1703	8
1704	6
1705	5
1706	6
1707	2
1708	5
1709	9
1710	7
1711	4
1712	4
1713	6
1714	2
1715	7
1716	7
1717	1
1718	10
1719	7
1720	3
1721	8
1722	5
1723	4
1724	4
1725	5
1726	6
1727	13
1728	8
1729	4
1730	9
1731	6
1732	12
1733	4
1734	8
1735	5
1736	7
1737	3
1738	7
1739	9
1740	3
1741	4
1742	5
1743	2
1744	5
1745	4
1746	7
1747	8
1748	7
1749	4
1750	8
1751	6
1752	7
1753	6
1754	8
1755	4
1756	10
1757	6
1758	7
1759	7
1760	7
1761	5
1762	5
1763	8
1764	7
1765	4
1766	3
1767	4
1768	6
1769	7
1770	5
1771	7
1772	12
1773	6
1774	7
1775	8
1776	5
1777	13
1778	3
1779	4
1780	3
1781	8
1782	14
1783	11
1784	9
1785	9
1786	3
1787	7
1788	10
1789	3
1790	8
1791	7
1792	4
1793	7
1794	10
1795	6
1796	13
1797	7
1798	12
1799	4
1800	12
1801	17
1802	7
1803	3
1804	10
1805	8
1806	8
1807	1
1808	7
1809	5
1810	16
1811	12
1812	6
1813	5
1814	14
1815	8
1816	8
1817	10
1818	5
1819	10
1820	7
1821	8
1822	4
1823	7
1824	11
1825	8
1826	11
1827	6
1828	11
1829	4
1830	9
1831	5
1832	4
1833	12
1834	8
1835	7
1836	14
1837	12
1838	4
1839	10
1840	10
1841	14
1842	13
1843	11
1844	19
1845	4
1846	9
1847	12
1848	12
1849	12
1850	6
1851	11
1852	10
1853	19
1854	10
1855	15
1856	11
1857	12
1858	16
1859	20
1860	16
1861	8
1862	15
1863	12
1864	19
1865	12
1866	12
1867	16
1868	23
1869	16
1870	14
1871	23
1872	17
1873	22
1874	20
1875	29
1876	19
1877	16
1878	20
1879	10
1880	27
1881	23
1882	22
1883	24
1884	15
1885	25
1886	27
1887	22
1888	21
1889	22
1890	29
1891	14
1892	36
1893	21
1894	32
1895	21
1896	27
1897	22
1898	28
1899	19
1900	51
1901	44
1902	34
1903	22
1904	28
1905	38
1906	31
1907	27
1908	43
1909	31
1910	39
1911	32
1912	33
1913	47
1914	33
1915	42
1916	43
1917	34
1918	42
1919	37
1920	28
1921	35
1922	27
1923	34
1924	56
1925	28
1926	46
1927	33
1928	40
1929	45
1930	24
1931	25
1932	46
1933	37
1934	40
1935	28
1936	27
1937	35
1938	26
1939	35
1940	42
1941	21
1942	38
1943	20
1944	42
1945	28
1946	21
1947	33
1948	26
1949	27
1950	23
1951	30
1952	22
1953	14
1954	20
1955	18
1956	21
1957	16
1958	21
1959	19
1960	24
1961	22
1962	17
1963	19
1964	18
1965	21
1966	17
1967	10
1968	18
1969	16
1970	14
1971	15
1972	14
1973	19
1974	22
1975	12
1976	18
1977	25
1978	10
1979	18
1980	13
1981	16
1982	13
1983	7
1984	7
1985	6
1986	14
1987	9
1988	15
1989	10
1990	14
1991	11
1992	17
1993	13
1994	6
1995	5
1996	20
1997	10
1998	8
1999	12
2000	10
2001	11
2002	15
2003	9
2004	10
2005	5
2006	10
2007	3
2008	16
2009	11
2010	13
2011	13
2012	10
2013	8
2014	10
2015	12
2016	12
2017	7
2018	16
2019	12
2020	21
2021	6
2022	19
2023	12
2024	13
2025	13
2026	11
2027	12
2028	13
2029	19
2030	9
2031	13
2032	7
2033	11
2034	12
2035	5
2036	11
2037	5
2038	14
2039	12
2040	14
2041	15
2042	10
2043	12
2044	6
2045	12
2046	12
2047	16
2048	3
2049	11
2050	11
2051	10
2052	15
2053	5
2054	13
2055	6
2056	10
2057	5
2058	11
2059	8
2060	9
2061	7
2062	8
2063	9
2064	8
2065	12
2066	10
2067	5
2068	8
2069	7
2070	4
2071	13
2072	6
2073	4
2074	8
2075	12
2076	7
2077	7
2078	8
2079	8
2080	3
2081	10
2082	8
2083	6
2084	12
2085	5
2086	6
2087	6
2088	2
2089	6
2090	8
2091	5
2092	5
2093	12
2094	6
2095	5
2096	5
2097	9
2098	6
2099	7
2100	5
2101	4
2102	6
2103	11
2104	5
2105	11
2106	6
2107	14
2108	6
2109	8
2110	7
2111	8
2112	4
2113	6
2114	8
2115	7
2116	5
2117	5
2118	12
2119	14
2120	6
2121	10
2122	8
2123	6
2124	7
2125	17
2126	11
2127	9
2128	5
2129	9
2130	5
2131	11
2132	7
2133	9
2134	7
2135	9
2136	11
2137	9
2138	4
2139	17
2140	15
2141	11
2142	16
2143	9
2144	12
2145	13
2146	10
2147	8
2148	17
2149	12
2150	18
2151	7
2152	12
2153	16
2154	5
2155	7
2156	16
2157	9
2158	3
2159	14
2160	12
2161	11
2162	10
2163	19
2164	15
2165	12
2166	15
2167	9
2168	12
2169	15
2170	13
2171	14
2172	11
2173	12
2174	11
2175	17
2176	16
2177	11
2178	8
2179	5
2180	16
2181	13
2182	15
2183	7
2184	10
2185	5
2186	4
2187	10
2188	10
2189	8
2190	9
2191	8
2192	7
2193	4
2194	9
2195	14
2196	7
2197	6
2198	12
2199	7
2200	4
2201	8
2202	4
2203	11
2204	9
2205	10
2206	9
2207	10
2208	7
2209	3
2210	6
2211	7
2212	12
2213	14
2214	14
2215	6
2216	4
2217	10
2218	6
2219	10
2220	9
2221	7
2222	5
2223	6
2224	5
2225	9
2226	4
2227	7
2228	8
2229	6
2230	11
2231	5
2232	6
2233	5
2234	4
2235	4
2236	6
2237	6
2238	6
2239	4
2240	8
2241	6
2242	3
2243	4
2244	6
2245	3
2246	9
2247	5
2248	7
2249	5
2250	6
2251	6
2252	3
2253	3
2254	9
2255	5
2256	4
2257	1
2258	1
2259	4
2260	11
2261	7
2262	5
2263	2
2264	5
2265	11
2266	3
2267	6
2268	10
2269	5
2270	3
2271	7
2272	8
2273	5
2274	4
2275	11
2276	8
2277	2
2278	4
2279	6
2280	6
2281	12
2282	4
2283	5
2284	3
2285	7
2286	17
2287	3
2288	8
2289	4
2290	8
2291	5
2292	3
2293	3
2294	4
2295	4
2296	7
2297	10
2298	5
2299	3
2300	4
2301	7
2302	5
2303	3
2304	8
2305	7
2306	7
2307	4
2308	3
2309	6
2310	3
2311	4
2312	3
2313	4
2314	3
2315	9
2316	2
2317	3
2318	2
2319	5
2320	6
2321	4
2322	8
2323	4
2324	8
2325	3
2326	4
2327	5
2328	3
2329	5
2330	1
2331	2
2332	4
2333	6
2334	2
2335	5
2336	5
2337	4
2338	6
2339	5
2340	8
2341	4
2342	2
2343	6
2344	2
2345	5
2346	4
2347	1
2348	6
2349	3
2350	4
2351	5
2352	4
2353	5
2354	5
2355	3
2356	4
2357	5
2358	2
2359	4
2360	5
2361	2
2362	1
2363	5
2364	3
2365	2
2366	3
2367	3
2368	0
2369	5
2370	2
2371	5
2372	9
2373	1
2374	7
2375	2
2376	4
2377	3
2378	8
2379	6
2380	4
2381	4
2382	2
2383	6
2384	3
2385	3
2386	2
2387	4
2388	1
2389	9
2390	6
2391	4
2392	4
2393	3
2394	2
2395	5
2396	3
2397	5
2398	3
2399	3
2400	5
2401	8
2402	2
2403	3
2404	4
2405	2
2406	8
2407	2
2408	0
2409	5
2410	1
2411	8
2412	3
2413	9
2414	0
2415	8
2416	1
2417	4
2418	3
2419	8
2420	4
2421	2
2422	3
2423	2
2424	4
2425	3
2426	6
2427	3
2428	3
2429	5
2430	2
2431	3
2432	1
2433	2
2434	4
2435	3
2436	7
2437	0
2438	9
2439	1
2440	3
2441	4
2442	2
2443	4
2444	4
2445	3
2446	5
2447	1
2448	5
2449	4
2450	7
2451	5
2452	2
2453	2
2454	5
2455	1
2456	1
2457	3
2458	4
2459	4
2460	2
2461	3
2462	3
2463	4
2464	3
2465	4
2466	2
2467	6
2468	7
2469	4
2470	4
2471	5
2472	3
2473	3
2474	2
2475	2
2476	3
2477	6
2478	5
2479	2
2480	7
2481	5
2482	4
2483	6
2484	2
2485	3
2486	7
2487	3
2488	3
2489	8
2490	4
2491	3
2492	6
2493	2
2494	1
2495	2
2496	8
2497	1
2498	5
2499	2
2500	7
2501	5
2502	5
2503	2
2504	1
2505	5
2506	3
2507	4
2508	5
2509	6
2510	6
2511	3
2512	4
2513	6
2514	2
2515	5
2516	4
2517	5
2518	3
2519	2
2520	4
2521	3
2522	0
2523	1
2524	2
2525	2
2526	3
2527	3
2528	3
2529	4
2530	8
2531	5
2532	7
2533	2
2534	5
2535	3
2536	4
2537	5
2538	2
2539	5
2540	4
2541	4
2542	3
2543	1
2544	3
2545	3
2546	4
2547	2
2548	3
2549	2
2550	6
2551	2
2552	5
2553	3
2554	3
2555	4
2556	3
2557	3
2558	5
2559	4
2560	4
2561	9
2562	9
2563	5
2564	4
2565	9
2566	5
2567	7
2568	2
2569	11
2570	6
2571	6
2572	5
2573	9
2574	5
2575	2
2576	9
2577	6
2578	5
2579	7
2580	4
2581	1
2582	7
2583	3
2584	3
2585	9
2586	4
2587	4
2588	4
2589	8
2590	6
2591	7
2592	4
2593	5
2594	7
2595	5
2596	12
2597	8
2598	2
2599	6
2600	8
2601	13
2602	5
2603	5
2604	2
2605	7
2606	4
2607	6
2608	2
2609	8
2610	4
2611	3
2612	4
2613	3
2614	7
2615	5
2616	5
2617	9
2618	1
2619	6
2620	4
2621	4
2622	2
2623	4
2624	7
2625	8
2626	5
2627	7
2628	5
2629	4
2630	6
2631	1
2632	2
2633	4
2634	6
2635	4
2636	3
2637	5
2638	5
2639	7
2640	6
2641	4
2642	6
2643	11
2644	5
2645	2
2646	1
2647	5
2648	4
2649	6
2650	5
2651	1
2652	6
2653	4
2654	5
2655	4
2656	3
2657	3
2658	2
2659	8
2660	6
2661	4
2662	5
2663	5
2664	3
2665	6
2666	3
2667	4
2668	5
2669	2
2670	2
2671	0
2672	3
2673	4
2674	1
2675	8
2676	1
2677	3
2678	2
2679	4
2680	4
2681	0
2682	3
2683	2
2684	4
2685	1
2686	2
2687	3
2688	2
2689	2
2690	2
2691	1
2692	1
2693	7
2694	4
2695	0
2696	3
2697	6
2698	3
2699	2
2700	4
2701	7
2702	3
2703	2
2704	3
2705	2
2706	5
2707	3
2708	1
2709	2
2710	6
2711	2
2712	2
2713	1
2714	3
2715	2
2716	2
2717	5
2718	2
2719	3
2720	3
2721	6
2722	3
2723	4
2724	3
2725	2
2726	3
2727	4
2728	3
2729	0
2730	2
2731	4
2732	1
2733	6
2734	6
2735	4
2736	3
2737	6
2738	8
2739	10
2740	5
2741	2
2742	4
2743	3
2744	3
2745	3
2746	1
2747	7
2748	4
2749	3
2750	3
2751	1
2752	5
2753	3
2754	3
2755	4
2756	5
2757	1
2758	4
2759	4
2760	1
2761	3
2762	3
2763	1
2764	2
2765	0
2766	2
2767	3
2768	6
2769	1
2770	2
2771	4
2772	3
2773	3
2774	6
2775	3
2776	1
2777	5
2778	3
2779	3
2780	1
2781	3
2782	7
2783	2
2784	4
2785	3
2786	3
2787	3
2788	3
2789	1
2790	3
2791	1
2792	2
2793	1
2794	2
2795	2
2796	8
2797	2
2798	6
2799	3
2800	4
2801	6
2802	4
2803	2
2804	3
2805	4
2806	3
2807	1
2808	7
2809	3
2810	4
2811	5
2812	1
2813	3
2814	1
2815	2
2816	4
2817	4
2818	5
2819	6
2820	2
2821	3
2822	5
2823	5
2824	5
2825	4
2826	4
2827	8
2828	1
2829	4
2830	1
2831	7
2832	4
2833	4
2834	4
2835	4
2836	1
2837	4
2838	1
2839	2
2840	2
2841	5
2842	2
2843	4
2844	3
2845	2
2846	4
2847	2
2848	5
2849	3
2850	0
2851	3
2852	3
2853	5
2854	4
2855	3
2856	2
2857	7
2858	1
2859	3
2860	2
2861	2
2862	2
2863	2
2864	4
2865	4
2866	4
2867	5
2868	4
2869	4
2870	7
2871	4
2872	2
2873	1
2874	1
2875	1
2876	6
2877	2
2878	3
2879	3
2880	3
2881	5
2882	5
2883	0
2884	3
2885	2
2886	5
2887	3
2888	2
2889	5
2890	4
2891	2
2892	0
2893	2
2894	3
2895	0
2896	3
2897	3
2898	2
2899	2
2900	4
2901	0
2902	6
2903	1
2904	3
2905	4
2906	2
2907	3
2908	0
2909	5
2910	2
2911	2
2912	4
2913	2
2914	5
2915	5
2916	4
2917	3
2918	5
2919	2
2920	0
2921	5
2922	3
2923	2
2924	6
2925	2
2926	2
2927	2
2928	1
2929	1
2930	3
2931	3
2932	3
2933	3
2934	1
2935	1
2936	5
2937	3
2938	4
2939	5
2940	2
2941	3
2942	6
2943	3
2944	5
2945	4
2946	3
2947	3
2948	2
2949	1
2950	4
2951	6
2952	3
2953	3
2954	2
2955	5
2956	5
2957	7
2958	3
2959	3
2960	6
2961	7
2962	3
2963	4
2964	5
2965	1
2966	2
2967	4
2968	4
2969	3
2970	1
2971	3
2972	2
2973	2
2974	2
2975	3
2976	2
2977	1
2978	6
2979	2
2980	5
2981	2
2982	3
2983	4
2984	3
2985	3
2986	2
2987	1
2988	8
2989	3
2990	3
2991	1
2992	2
2993	2
2994	5
2995	1
2996	3
2997	5
2998	2
2999	2
3000	2
3001	2
3002	2
3003	2
3004	4
3005	4
3006	4
3007	3
3008	3
3009	3
3010	4
3011	1
3012	2
3013	1
3014	2
3015	0
3016	7
3017	2
3018	1
3019	1
3020	3
3021	2
3022	4
3023	4
3024	2
3025	4
3026	2
3027	2
3028	2
3029	2
3030	3
3031	1
3032	5
3033	3
3034	4
3035	1
3036	2
3037	5
3038	2
3039	4
3040	2
3041	2
3042	1
3043	1
3044	1
3045	0
3046	5
3047	2
3048	2
3049	3
3050	1
3051	0
3052	6
3053	0
3054	0
3055	2
3056	1
3057	5
3058	3
3059	2
3060	0
3061	0
3062	5
3063	2
3064	3
3065	3
3066	1
3067	4
3068	2
3069	2
3070	3
3071	2
3072	0
3073	5
3074	2
3075	2
3076	5
3077	0
3078	0
3079	1
3080	3
3081	1
3082	3
3083	2
3084	5
3085	0
3086	1
3087	0
3088	4
3089	3
3090	2
3091	4
3092	5
3093	2
3094	5
3095	1
3096	3
3097	1
3098	1
3099	2
3100	2
3101	1
3102	5
3103	3
3104	4
3105	4
3106	3
3107	1
3108	2
3109	2
3110	1
3111	1
3112	0
3113	6
3114	1
3115	4
3116	2
3117	1
3118	2
3119	0
3120	2
3121	3
3122	3
3123	3
3124	2
3125	1
3126	2
3127	3
3128	1
3129	3
3130	0
3131	5
3132	0
3133	1
3134	1
3135	2
3136	2
3137	4
3138	3
3139	3
3140	3
3141	1
3142	4
3143	2
3144	2
3145	4
3146	3
3147	0
3148	6
3149	4
3150	1
3151	5
3152	1
3153	4
3154	2
3155	3
3156	2
3157	1
3158	1
3159	3
3160	2
3161	3
3162	1
3163	1
3164	2
3165	3
3166	2
3167	2
3168	5
3169	6
3170	1
3171	1
3172	4
3173	3
3174	1
3175	2
3176	4
3177	3
3178	1
3179	0
3180	2
3181	3
3182	3
3183	2
3184	2
3185	0
3186	2
3187	4
3188	2
3189	2
3190	5
3191	0
3192	1
3193	2
3194	6
3195	5
3196	7
3197	3
3198	3
3199	1
3200	4
3201	5
3202	1
3203	0
3204	3
3205	4
3206	1
3207	1
3208	2
3209	3
3210	3
3211	2
3212	3
3213	3
3214	2
3215	1
3216	0
3217	0
3218	2
3219	7
3220	0
3221	1
3222	1
3223	3
3224	0
3225	4
3226	0
3227	0
3228	1
3229	2
3230	2
3231	5
3232	1
3233	3
3234	4
3235	1
3236	2
3237	1
3238	4
3239	3
3240	3
3241	3
3242	3
3243	0
3244	3
3245	1
3246	1
3247	1
3248	1
3249	2
3250	3
3251	4
3252	1
3253	0
3254	1
3255	4
3256	1
3257	2
3258	3
3259	5
3260	3
3261	4
3262	6
3263	1
3264	3
3265	3
3266	6
3267	3
3268	2
3269	4
3270	2
3271	0
3272	4
3273	1
3274	1
3275	1
3276	2
3277	1
3278	2
3279	3
3280	3
3281	2
3282	1
3283	3
3284	1
3285	1
3286	3
3287	0
3288	1
3289	2
3290	0
3291	2
3292	0
3293	1
3294	5
3295	3
3296	3
3297	4
3298	1
3299	0
3300	3
3301	2
3302	2
3303	1
3304	1
3305	3
3306	0
3307	2
3308	6
3309	1
3310	1
3311	2
3312	1
3313	4
3314	3
3315	1
3316	5
3317	0
3318	3
3319	2
3320	3
3321	3
3322	0
3323	1
3324	1
3325	3
3326	0
3327	1
3328	3
3329	2
3330	2
3331	0
3332	1
3333	1
3334	0
3335	2
3336	0
3337	3
3338	0
3339	2
3340	1
3341	1
3342	1
3343	1
3344	2
3345	1
3346	2
3347	0
3348	0
3349	1
3350	0
3351	3
3352	1
3353	2
3354	1
3355	4
3356	3
3357	0
3358	1
3359	0
3360	3
3361	0
3362	3
3363	1
3364	1
3365	1
3366	3
3367	1
3368	0
3369	3
3370	3
3371	0
3372	1
3373	2
3374	1
3375	1
3376	3
3377	1
3378	6
3379	3
3380	1
3381	0
3382	3
3383	1
3384	1
3385	2
3386	4
3387	5
3388	2
3389	1
3390	1
3391	1
3392	0
3393	0
3394	1
3395	0
3396	4
3397	0
3398	1
3399	1
3400	4
3401	1
3402	0
3403	1
3404	1
3405	1
3406	2
3407	4
3408	1
3409	1
3410	2
3411	0
3412	1
3413	0
3414	2
3415	3
3416	2
3417	0
3418	0
3419	3
3420	2
3421	0
3422	3
3423	3
3424	1
3425	0
3426	0
3427	0
3428	3
3429	1
3430	2
3431	1
3432	1
3433	2
3434	0
3435	1
3436	1
3437	4
3438	1
3439	0
3440	0
3441	2
3442	0
3443	1
3444	4
3445	0
3446	0
3447	0
3448	1
3449	2
3450	2
3451	0
3452	1
3453	1
3454	2
3455	3
3456	3
3457	2
3458	3
3459	0
3460	3
3461	0
3462	1
3463	0
3464	1
3465	1
3466	0
3467	0
3468	2
3469	1
3470	0
3471	1
3472	3
3473	1
3474	4
3475	2
3476	1
3477	0
3478	0
3479	2
3480	2
3481	0
3482	0
3483	0
3484	1
3485	0
3486	1
3487	2
3488	1
3489	2
3490	2
3491	0
3492	4
3493	1
3494	1
3495	1
3496	0
3497	0
3498	0
3499	2
3500	1
3501	4
3502	2
3503	0
3504	1
3505	0
3506	2
3507	2
3508	2
3509	0
3510	0
3511	2
3512	0
3513	0
3514	1
3515	5
3516	2
3517	1
3518	1
3519	0
3520	1
3521	0
3522	1
3523	1
3524	2
3525	3
3526	2
3527	2
3528	0
3529	2
3530	1
3531	0
3532	1
3533	1
3534	2
3535	1
3536	2
3537	1
3538	0
3539	2
3540	3
3541	0
3542	2
3543	0
3544	1
3545	1
3546	1
3547	0
3548	1
3549	2
3550	1
3551	1
3552	1
3553	0
3554	0
3555	1
3556	1
3557	1
3558	0
3559	0
3560	1
3561	0
3562	1
3563	0
3564	0
3565	0
3566	2
3567	0
3568	2
3569	0
3570	0
3571	0
3572	0
3573	0
3574	0
3575	0
3576	0
3577	0
3578	0
3579	0
3580	1
3581	1
3582	0
3583	0
3584	2
3585	0
3586	0
3587	0
3588	3
3589	1
3590	0
3591	0
3592	0
3593	1
3594	0
3595	1
3596	0
3597	0
3598	0
3599	2
3600	2
3601	0
3602	1
3603	1
3604	2
3605	1
3606	0
3607	1
3608	0
3609	1
3610	1
3611	0
3612	0
3613	1
3614	1
3615	0
3616	1
3617	0
3618	0
3619	1
3620	1
3621	1
3622	0
3623	1
3624	1
3625	1
3626	0
3627	0
3628	0
3629	0
3630	1
3631	0
3632	1
3633	1
3634	1
3635	0
3636	1
3637	0
3638	1
3639	0
3640	0
3641	0
3642	0
3643	1
3644	0
3645	0
3646	1
3647	0
3648	0
3649	1
3650	0
3651	0
3652	2
3653	0
3654	0
3655	0
3656	1
3657	1
3658	2
3659	1
3660	0
3661	0
3662	1
3663	0
3664	0
3665	0
3666	0
3667	0
3668	0
3669	0
3670	0
3671	1
3672	1
3673	0
3674	0
3675	0
3676	1
3677	0
3678	0
3679	0
3680	0
3681	0
3682	1
3683	0
3684	1
3685	1
3686	0
3687	1
3688	1
3689	0
3690	0
3691	1
3692	0
3693	0
3694	0
3695	0
3696	0
3697	0
3698	1
3699	0
3700	0
3701	0
3702	0
3703	0
3704	0
3705	0
3706	1
3707	0
3708	1
3709	0
3710	0
3711	0
3712	2
3713	1
3714	0
3715	0
3716	0
3717	0
3718	0
3719	0
3720	0
3721	0
3722	0
3723	0
3724	0
3725	0
3726	0
3727	0
3728	0
3729	0
3730	0
3731	0
3732	0
3733	0
3734	1
3735	0
3736	1
3737	0
3738	0
3739	0
3740	2
3741	0
3742	1
3743	0
3744	0
3745	0
3746	0
3747	0
3748	0
3749	0
3750	0
3751	0
3752	0
3753	0
3754	0
3755	0
3756	3
3757	0
3758	0
3759	0
3760	0
3761	0
3762	0
3763	0
3764	0
3765	0
3766	0
3767	0
3768	0
3769	1
3770	0
3771	0
3772	0
3773	0
3774	0
3775	0
3776	0
3777	0
3778	0
3779	0
3780	0
3781	0
3782	0
3783	0
3784	0
3785	0
3786	0
3787	0
3788	0
3789	1
3790	0
3791	0
3792	0
3793	0
3794	1
3795	0
3796	0
3797	1
3798	0
3799	0
3800	0
3801	0
3802	0
3803	0
3804	0
3805	0
3806	0
3807	0
3808	0
3809	0
3810	0
3811	0
3812	0
3813	0
3814	0
3815	0
3816	0
3817	0
3818	0
3819	0
3820	1
3821	0
3822	0
3823	1
3824	0
3825	1
3826	0
3827	0
3828	0
3829	0
3830	0
3831	0
3832	0
3833	0
3834	0
3835	0
3836	0
3837	0
3838	0
3839	0
3840	0
3841	0
3842	0
3843	0
3844	1
3845	0
3846	0
3847	0
3848	0
3849	0
3850	0
3851	0
3852	0
3853	0
3854	0
3855	0
3856	0
3857	0
3858	0
3859	0
3860	0
3861	0
3862	0
3863	0
3864	1
3865	0
3866	0
3867	0
3868	0
3869	0
3870	0
3871	0
3872	0
3873	0
3874	0
3875	0
3876	0
3877	0
3878	0
3879	0
3880	0
3881	0
3882	0
3883	0
3884	0
3885	0
3886	0
3887	0
3888	0
3889	0
3890	0
3891	0
3892	0
3893	0
3894	0
3895	0
3896	0
3897	0
3898	0
3899	0
3900	1
3901	0
3902	0
3903	0
3904	0
3905	0
3906	0
3907	0
3908	0
3909	0
3910	0
3911	0
3912	0
3913	0
3914	0
3915	0
3916	0
3917	0
3918	0
3919	0
3920	0
3921	0
3922	0
3923	0
3924	0
3925	0
3926	0
3927	0
3928	0
3929	0
3930	0
3931	0
3932	0
3933	0
3934	0
3935	0
3936	0
3937	0
3938	0
3939	0
3940	0
3941	0
3942	0
3943	0
3944	0
3945	0
3946	0
3947	0
3948	0
3949	0
3950	0
3951	0
3952	0
3953	0
3954	0
3955	0
3956	0
3957	0
3958	0
3959	0
3960	0
3961	0
3962	0
3963	0
3964	0
3965	0
3966	0
3967	0
3968	0
3969	0
3970	0
3971	0
3972	0
3973	0
3974	0
3975	0
3976	0
3977	0
3978	0
3979	0
3980	1
3981	0
3982	0
3983	0
3984	0
3985	0
3986	0
3987	0
3988	0
3989	0
3990	0
3991	0
3992	0
3993	0
3994	0
3995	0
3996	0
3997	0
3998	0
3999	0
4000	0
