Channel number	Impulses
Channel/#	Impulses/#

0	0
1	0
2	0
3	0
4	0
5	0
6	0
7	0
8	0
9	0
10	0
11	0
12	0
13	0
14	0
15	0
16	0
17	0
18	0
19	0
20	0
21	0
22	0
23	0
24	0
25	0
26	0
27	0
28	0
29	0
30	0
31	0
32	0
33	0
34	0
35	0
36	0
37	0
38	0
39	0
40	0
41	0
42	0
43	0
44	0
45	0
46	0
47	0
48	0
49	0
50	0
51	0
52	0
53	3
54	3
55	9
56	9
57	7
58	7
59	6
60	4
61	7
62	4
63	16
64	5
65	10
66	14
67	11
68	13
69	6
70	11
71	12
72	11
73	9
74	11
75	8
76	7
77	7
78	10
79	12
80	8
81	10
82	6
83	17
84	14
85	6
86	7
87	8
88	11
89	4
90	7
91	7
92	6
93	8
94	13
95	7
96	6
97	7
98	12
99	6
100	8
101	3
102	5
103	4
104	6
105	4
106	7
107	7
108	10
109	12
110	7
111	6
112	7
113	4
114	7
115	6
116	8
117	7
118	11
119	1
120	6
121	4
122	6
123	5
124	7
125	12
126	4
127	12
128	3
129	5
130	5
131	6
132	3
133	5
134	8
135	10
136	9
137	7
138	3
139	8
140	3
141	8
142	4
143	10
144	5
145	4
146	5
147	7
148	7
149	6
150	8
151	5
152	7
153	7
154	4
155	8
156	3
157	4
158	5
159	10
160	4
161	3
162	6
163	6
164	7
165	6
166	8
167	3
168	3
169	7
170	4
171	5
172	7
173	8
174	4
175	10
176	4
177	2
178	10
179	6
180	7
181	5
182	7
183	4
184	5
185	10
186	9
187	0
188	5
189	13
190	4
191	10
192	4
193	5
194	4
195	6
196	2
197	5
198	5
199	5
200	5
201	6
202	8
203	3
204	3
205	5
206	0
207	6
208	3
209	5
210	5
211	4
212	5
213	7
214	3
215	4
216	6
217	5
218	1
219	3
220	8
221	4
222	4
223	6
224	4
225	1
226	4
227	5
228	5
229	4
230	5
231	6
232	4
233	3
234	5
235	9
236	3
237	4
238	3
239	6
240	3
241	5
242	10
243	2
244	4
245	5
246	9
247	7
248	8
249	3
250	8
251	5
252	3
253	7
254	5
255	8
256	2
257	2
258	2
259	8
260	1
261	4
262	2
263	2
264	5
265	3
266	6
267	5
268	6
269	4
270	4
271	7
272	1
273	6
274	2
275	6
276	3
277	2
278	5
279	4
280	7
281	0
282	4
283	1
284	2
285	5
286	6
287	6
288	2
289	4
290	4
291	1
292	4
293	6
294	4
295	7
296	4
297	5
298	0
299	3
300	5
301	4
302	4
303	2
304	3
305	0
306	8
307	2
308	5
309	2
310	5
311	1
312	3
313	2
314	2
315	1
316	5
317	1
318	4
319	7
320	1
321	5
322	2
323	3
324	3
325	3
326	3
327	3
328	4
329	6
330	4
331	1
332	6
333	2
334	2
335	2
336	2
337	3
338	2
339	6
340	3
341	3
342	6
343	6
344	5
345	3
346	4
347	3
348	4
349	2
350	2
351	6
352	3
353	5
354	6
355	2
356	5
357	2
358	2
359	3
360	1
361	0
362	3
363	6
364	1
365	4
366	5
367	3
368	1
369	3
370	2
371	4
372	5
373	0
374	3
375	3
376	7
377	2
378	1
379	4
380	4
381	2
382	4
383	6
384	4
385	2
386	4
387	1
388	1
389	5
390	4
391	3
392	5
393	4
394	5
395	2
396	4
397	1
398	6
399	2
400	7
401	1
402	7
403	3
404	0
405	2
406	1
407	2
408	4
409	4
410	5
411	0
412	4
413	2
414	3
415	5
416	2
417	0
418	2
419	6
420	0
421	3
422	6
423	5
424	1
425	3
426	4
427	1
428	4
429	5
430	1
431	4
432	0
433	1
434	4
435	4
436	2
437	1
438	5
439	0
440	3
441	2
442	0
443	3
444	4
445	4
446	3
447	4
448	2
449	1
450	5
451	0
452	0
453	4
454	2
455	0
456	2
457	4
458	1
459	4
460	1
461	1
462	2
463	2
464	3
465	1
466	2
467	4
468	2
469	2
470	3
471	0
472	5
473	1
474	1
475	3
476	4
477	4
478	3
479	1
480	2
481	1
482	7
483	2
484	3
485	1
486	7
487	1
488	3
489	0
490	0
491	2
492	1
493	2
494	3
495	3
496	3
497	1
498	3
499	2
500	1
501	1
502	1
503	0
504	3
505	6
506	2
507	3
508	1
509	1
510	2
511	2
512	2
513	2
514	1
515	2
516	1
517	3
518	4
519	3
520	1
521	3
522	3
523	0
524	5
525	0
526	4
527	4
528	0
529	0
530	2
531	6
532	4
533	4
534	1
535	1
536	3
537	3
538	0
539	3
540	1
541	5
542	2
543	7
544	2
545	0
546	2
547	3
548	1
549	4
550	4
551	2
552	6
553	2
554	2
555	1
556	1
557	1
558	2
559	1
560	3
561	2
562	2
563	2
564	4
565	5
566	3
567	3
568	2
569	3
570	1
571	2
572	1
573	3
574	5
575	4
576	2
577	5
578	3
579	4
580	2
581	4
582	5
583	1
584	1
585	0
586	2
587	3
588	1
589	3
590	2
591	2
592	6
593	3
594	0
595	1
596	4
597	0
598	2
599	0
600	4
601	2
602	2
603	3
604	4
605	0
606	6
607	0
608	3
609	3
610	1
611	1
612	3
613	2
614	2
615	2
616	1
617	0
618	4
619	3
620	8
621	3
622	2
623	2
624	3
625	6
626	1
627	3
628	5
629	2
630	5
631	4
632	2
633	1
634	4
635	0
636	3
637	2
638	2
639	4
640	0
641	2
642	1
643	6
644	3
645	5
646	2
647	3
648	2
649	0
650	1
651	0
652	5
653	1
654	2
655	2
656	3
657	1
658	3
659	2
660	2
661	3
662	2
663	2
664	3
665	1
666	1
667	2
668	5
669	0
670	0
671	6
672	4
673	3
674	1
675	4
676	5
677	0
678	5
679	1
680	0
681	1
682	6
683	3
684	4
685	2
686	5
687	4
688	0
689	5
690	2
691	1
692	4
693	1
694	1
695	1
696	3
697	1
698	2
699	2
700	1
701	3
702	3
703	4
704	1
705	1
706	1
707	2
708	2
709	2
710	6
711	3
712	6
713	3
714	2
715	2
716	1
717	2
718	0
719	1
720	3
721	1
722	3
723	0
724	1
725	0
726	5
727	2
728	4
729	0
730	1
731	3
732	2
733	1
734	8
735	3
736	1
737	2
738	1
739	2
740	2
741	1
742	2
743	3
744	4
745	2
746	5
747	2
748	2
749	3
750	3
751	1
752	2
753	0
754	2
755	2
756	2
757	1
758	6
759	3
760	2
761	3
762	3
763	2
764	4
765	2
766	2
767	4
768	2
769	3
770	4
771	3
772	3
773	0
774	1
775	3
776	6
777	3
778	2
779	5
780	2
781	2
782	2
783	6
784	3
785	5
786	2
787	5
788	3
789	7
790	2
791	2
792	5
793	6
794	5
795	5
796	2
797	5
798	4
799	5
800	5
801	2
802	6
803	4
804	3
805	4
806	4
807	1
808	3
809	4
810	3
811	5
812	5
813	6
814	3
815	8
816	4
817	4
818	3
819	7
820	3
821	5
822	9
823	3
824	4
825	5
826	4
827	4
828	5
829	5
830	7
831	4
832	6
833	5
834	5
835	3
836	6
837	3
838	6
839	1
840	4
841	5
842	10
843	1
844	7
845	6
846	12
847	2
848	2
849	9
850	3
851	15
852	7
853	3
854	10
855	11
856	4
857	9
858	3
859	6
860	5
861	4
862	11
863	5
864	5
865	7
866	10
867	7
868	12
869	5
870	9
871	4
872	10
873	8
874	10
875	8
876	11
877	8
878	12
879	9
880	7
881	16
882	7
883	4
884	4
885	2
886	16
887	12
888	11
889	12
890	5
891	3
892	6
893	5
894	9
895	12
896	2
897	7
898	9
899	5
900	6
901	6
902	4
903	3
904	10
905	11
906	6
907	5
908	8
909	5
910	6
911	3
912	4
913	4
914	4
915	7
916	5
917	8
918	7
919	6
920	7
921	2
922	8
923	5
924	3
925	5
926	5
927	5
928	5
929	4
930	9
931	9
932	8
933	2
934	6
935	5
936	2
937	6
938	8
939	5
940	3
941	3
942	5
943	4
944	6
945	3
946	4
947	5
948	5
949	1
950	5
951	6
952	7
953	6
954	8
955	7
956	7
957	3
958	5
959	8
960	5
961	2
962	5
963	4
964	5
965	2
966	5
967	4
968	2
969	6
970	5
971	8
972	3
973	8
974	8
975	6
976	8
977	3
978	8
979	8
980	8
981	5
982	10
983	8
984	5
985	6
986	6
987	3
988	3
989	5
990	7
991	8
992	4
993	8
994	5
995	2
996	12
997	5
998	8
999	4
1000	4
1001	6
1002	8
1003	3
1004	7
1005	9
1006	7
1007	8
1008	9
1009	7
1010	5
1011	9
1012	7
1013	3
1014	9
1015	5
1016	4
1017	12
1018	11
1019	9
1020	8
1021	6
1022	9
1023	13
1024	2
1025	9
1026	10
1027	4
1028	7
1029	5
1030	12
1031	5
1032	3
1033	7
1034	5
1035	11
1036	6
1037	6
1038	6
1039	9
1040	6
1041	6
1042	5
1043	6
1044	8
1045	11
1046	11
1047	7
1048	11
1049	1
1050	9
1051	9
1052	6
1053	3
1054	6
1055	13
1056	9
1057	8
1058	9
1059	10
1060	11
1061	10
1062	16
1063	10
1064	4
1065	11
1066	10
1067	7
1068	14
1069	4
1070	11
1071	7
1072	16
1073	7
1074	9
1075	7
1076	10
1077	7
1078	6
1079	5
1080	12
1081	7
1082	6
1083	9
1084	8
1085	6
1086	5
1087	17
1088	2
1089	11
1090	14
1091	2
1092	10
1093	4
1094	3
1095	3
1096	11
1097	11
1098	7
1099	8
1100	4
1101	8
1102	5
1103	3
1104	6
1105	5
1106	4
1107	9
1108	11
1109	8
1110	11
1111	7
1112	7
1113	7
1114	8
1115	4
1116	8
1117	8
1118	5
1119	5
1120	4
1121	5
1122	6
1123	7
1124	12
1125	10
1126	4
1127	13
1128	6
1129	10
1130	4
1131	3
1132	11
1133	9
1134	7
1135	9
1136	7
1137	9
1138	9
1139	9
1140	7
1141	1
1142	13
1143	4
1144	7
1145	9
1146	10
1147	8
1148	9
1149	8
1150	10
1151	15
1152	3
1153	9
1154	11
1155	9
1156	9
1157	8
1158	9
1159	13
1160	8
1161	8
1162	3
1163	6
1164	12
1165	7
1166	11
1167	9
1168	9
1169	9
1170	9
1171	8
1172	13
1173	10
1174	12
1175	7
1176	10
1177	11
1178	7
1179	7
1180	7
1181	6
1182	7
1183	16
1184	4
1185	7
1186	8
1187	7
1188	8
1189	7
1190	10
1191	10
1192	7
1193	16
1194	12
1195	8
1196	9
1197	8
1198	10
1199	13
1200	9
1201	10
1202	8
1203	14
1204	6
1205	8
1206	14
1207	9
1208	4
1209	15
1210	6
1211	14
1212	16
1213	9
1214	8
1215	10
1216	3
1217	12
1218	10
1219	14
1220	5
1221	14
1222	9
1223	9
1224	12
1225	16
1226	13
1227	12
1228	15
1229	13
1230	11
1231	10
1232	14
1233	6
1234	14
1235	13
1236	10
1237	9
1238	11
1239	8
1240	15
1241	12
1242	7
1243	19
1244	15
1245	14
1246	13
1247	20
1248	7
1249	9
1250	14
1251	9
1252	20
1253	9
1254	11
1255	10
1256	13
1257	18
1258	11
1259	11
1260	17
1261	19
1262	9
1263	8
1264	12
1265	9
1266	15
1267	7
1268	16
1269	13
1270	21
1271	11
1272	19
1273	14
1274	12
1275	15
1276	21
1277	9
1278	13
1279	12
1280	4
1281	9
1282	15
1283	13
1284	15
1285	12
1286	15
1287	10
1288	15
1289	14
1290	17
1291	15
1292	14
1293	11
1294	18
1295	12
1296	8
1297	13
1298	13
1299	10
1300	12
1301	13
1302	19
1303	9
1304	9
1305	11
1306	14
1307	14
1308	8
1309	17
1310	7
1311	18
1312	13
1313	12
1314	16
1315	10
1316	17
1317	14
1318	22
1319	16
1320	17
1321	22
1322	14
1323	11
1324	19
1325	15
1326	15
1327	11
1328	7
1329	9
1330	14
1331	17
1332	14
1333	7
1334	25
1335	16
1336	11
1337	11
1338	12
1339	23
1340	15
1341	13
1342	15
1343	15
1344	10
1345	13
1346	12
1347	10
1348	20
1349	10
1350	20
1351	13
1352	15
1353	13
1354	18
1355	14
1356	10
1357	14
1358	18
1359	16
1360	10
1361	8
1362	9
1363	13
1364	11
1365	8
1366	16
1367	17
1368	13
1369	16
1370	22
1371	18
1372	15
1373	7
1374	17
1375	13
1376	13
1377	15
1378	8
1379	11
1380	20
1381	11
1382	17
1383	10
1384	13
1385	18
1386	11
1387	7
1388	11
1389	13
1390	18
1391	18
1392	15
1393	20
1394	8
1395	8
1396	11
1397	16
1398	16
1399	7
1400	11
1401	15
1402	11
1403	10
1404	15
1405	13
1406	10
1407	17
1408	12
1409	14
1410	16
1411	12
1412	12
1413	15
1414	24
1415	13
1416	11
1417	14
1418	6
1419	17
1420	21
1421	14
1422	14
1423	10
1424	15
1425	16
1426	11
1427	12
1428	11
1429	7
1430	15
1431	14
1432	22
1433	14
1434	11
1435	13
1436	19
1437	14
1438	17
1439	24
1440	14
1441	9
1442	16
1443	15
1444	16
1445	15
1446	19
1447	12
1448	9
1449	13
1450	18
1451	8
1452	12
1453	10
1454	13
1455	8
1456	13
1457	9
1458	17
1459	7
1460	13
1461	6
1462	23
1463	9
1464	13
1465	14
1466	13
1467	9
1468	11
1469	14
1470	22
1471	21
1472	17
1473	12
1474	9
1475	11
1476	18
1477	12
1478	12
1479	12
1480	22
1481	22
1482	16
1483	14
1484	22
1485	15
1486	22
1487	7
1488	16
1489	15
1490	15
1491	14
1492	14
1493	9
1494	12
1495	12
1496	16
1497	12
1498	9
1499	14
1500	10
1501	18
1502	19
1503	13
1504	12
1505	13
1506	13
1507	12
1508	17
1509	9
1510	23
1511	6
1512	6
1513	23
1514	4
1515	14
1516	23
1517	15
1518	16
1519	12
1520	19
1521	8
1522	13
1523	20
1524	14
1525	11
1526	14
1527	6
1528	16
1529	10
1530	11
1531	13
1532	23
1533	14
1534	12
1535	22
1536	5
1537	12
1538	15
1539	8
1540	16
1541	10
1542	15
1543	9
1544	14
1545	14
1546	17
1547	21
1548	14
1549	11
1550	17
1551	16
1552	11
1553	20
1554	8
1555	17
1556	13
1557	10
1558	15
1559	17
1560	17
1561	17
1562	11
1563	20
1564	7
1565	12
1566	13
1567	20
1568	11
1569	14
1570	14
1571	14
1572	15
1573	8
1574	14
1575	10
1576	7
1577	15
1578	9
1579	12
1580	9
1581	14
1582	13
1583	13
1584	10
1585	16
1586	21
1587	19
1588	12
1589	6
1590	20
1591	15
1592	14
1593	15
1594	11
1595	17
1596	12
1597	16
1598	22
1599	7
1600	6
1601	15
1602	18
1603	19
1604	19
1605	18
1606	12
1607	12
1608	24
1609	13
1610	17
1611	13
1612	19
1613	17
1614	14
1615	19
1616	13
1617	7
1618	11
1619	14
1620	14
1621	16
1622	15
1623	9
1624	9
1625	23
1626	15
1627	16
1628	10
1629	14
1630	19
1631	12
1632	16
1633	13
1634	20
1635	13
1636	6
1637	12
1638	15
1639	14
1640	11
1641	21
1642	13
1643	14
1644	13
1645	15
1646	18
1647	17
1648	19
1649	11
1650	13
1651	9
1652	18
1653	12
1654	24
1655	14
1656	9
1657	11
1658	9
1659	10
1660	8
1661	14
1662	9
1663	14
1664	7
1665	11
1666	15
1667	15
1668	19
1669	16
1670	15
1671	11
1672	12
1673	14
1674	18
1675	22
1676	18
1677	14
1678	10
1679	13
1680	14
1681	10
1682	18
1683	19
1684	10
1685	11
1686	17
1687	14
1688	17
1689	18
1690	20
1691	10
1692	15
1693	12
1694	16
1695	14
1696	14
1697	22
1698	13
1699	13
1700	22
1701	15
1702	24
1703	15
1704	8
1705	14
1706	12
1707	13
1708	22
1709	15
1710	15
1711	9
1712	16
1713	20
1714	10
1715	18
1716	17
1717	18
1718	20
1719	10
1720	18
1721	20
1722	15
1723	11
1724	20
1725	20
1726	20
1727	13
1728	14
1729	18
1730	15
1731	21
1732	10
1733	14
1734	20
1735	13
1736	14
1737	17
1738	17
1739	16
1740	13
1741	21
1742	9
1743	14
1744	13
1745	9
1746	21
1747	26
1748	14
1749	13
1750	13
1751	12
1752	22
1753	21
1754	16
1755	17
1756	20
1757	18
1758	23
1759	20
1760	19
1761	12
1762	17
1763	20
1764	17
1765	15
1766	16
1767	12
1768	12
1769	16
1770	20
1771	14
1772	17
1773	14
1774	18
1775	11
1776	14
1777	15
1778	18
1779	23
1780	18
1781	22
1782	18
1783	19
1784	14
1785	17
1786	14
1787	20
1788	13
1789	15
1790	16
1791	22
1792	10
1793	16
1794	12
1795	19
1796	19
1797	24
1798	23
1799	16
1800	16
1801	16
1802	24
1803	14
1804	22
1805	20
1806	24
1807	9
1808	16
1809	19
1810	20
1811	23
1812	21
1813	17
1814	18
1815	10
1816	14
1817	24
1818	20
1819	15
1820	15
1821	11
1822	22
1823	21
1824	13
1825	15
1826	16
1827	10
1828	17
1829	17
1830	29
1831	11
1832	21
1833	18
1834	12
1835	9
1836	19
1837	26
1838	19
1839	10
1840	18
1841	13
1842	17
1843	16
1844	14
1845	15
1846	22
1847	17
1848	21
1849	20
1850	21
1851	10
1852	27
1853	14
1854	20
1855	23
1856	19
1857	18
1858	24
1859	21
1860	24
1861	16
1862	25
1863	12
1864	13
1865	16
1866	20
1867	14
1868	26
1869	16
1870	15
1871	14
1872	13
1873	12
1874	34
1875	17
1876	16
1877	15
1878	24
1879	10
1880	20
1881	22
1882	9
1883	17
1884	19
1885	18
1886	21
1887	16
1888	25
1889	13
1890	16
1891	19
1892	21
1893	10
1894	17
1895	23
1896	8
1897	27
1898	12
1899	21
1900	21
1901	23
1902	17
1903	24
1904	17
1905	16
1906	17
1907	18
1908	19
1909	14
1910	23
1911	17
1912	26
1913	33
1914	21
1915	20
1916	20
1917	25
1918	21
1919	12
1920	19
1921	16
1922	21
1923	26
1924	41
1925	13
1926	21
1927	12
1928	18
1929	27
1930	15
1931	18
1932	27
1933	34
1934	15
1935	16
1936	19
1937	13
1938	35
1939	30
1940	28
1941	14
1942	40
1943	14
1944	21
1945	32
1946	14
1947	32
1948	36
1949	38
1950	21
1951	16
1952	23
1953	24
1954	30
1955	17
1956	31
1957	30
1958	38
1959	28
1960	27
1961	41
1962	29
1963	30
1964	38
1965	37
1966	39
1967	28
1968	36
1969	38
1970	43
1971	42
1972	42
1973	36
1974	43
1975	34
1976	45
1977	60
1978	42
1979	72
1980	68
1981	48
1982	62
1983	59
1984	55
1985	65
1986	68
1987	68
1988	97
1989	59
1990	82
1991	57
1992	81
1993	95
1994	86
1995	98
1996	120
1997	107
1998	89
1999	97
2000	122
2001	104
2002	99
2003	141
2004	113
2005	122
2006	155
2007	77
2008	132
2009	143
2010	131
2011	162
2012	153
2013	147
2014	135
2015	122
2016	177
2017	156
2018	140
2019	124
2020	187
2021	96
2022	170
2023	127
2024	138
2025	129
2026	110
2027	114
2028	169
2029	147
2030	136
2031	96
2032	110
2033	118
2034	138
2035	123
2036	130
2037	67
2038	147
2039	81
2040	111
2041	127
2042	97
2043	89
2044	113
2045	106
2046	91
2047	83
2048	46
2049	94
2050	71
2051	72
2052	87
2053	71
2054	92
2055	57
2056	50
2057	64
2058	49
2059	53
2060	50
2061	56
2062	40
2063	43
2064	39
2065	35
2066	33
2067	34
2068	33
2069	33
2070	51
2071	22
2072	25
2073	37
2074	11
2075	31
2076	24
2077	26
2078	32
2079	24
2080	17
2081	14
2082	28
2083	19
2084	23
2085	19
2086	16
2087	16
2088	13
2089	26
2090	15
2091	19
2092	15
2093	21
2094	15
2095	12
2096	18
2097	15
2098	22
2099	18
2100	13
2101	13
2102	17
2103	18
2104	12
2105	17
2106	10
2107	15
2108	17
2109	15
2110	17
2111	13
2112	12
2113	20
2114	15
2115	14
2116	19
2117	10
2118	11
2119	14
2120	20
2121	19
2122	14
2123	23
2124	20
2125	9
2126	25
2127	11
2128	11
2129	11
2130	16
2131	18
2132	16
2133	14
2134	18
2135	12
2136	13
2137	14
2138	7
2139	19
2140	11
2141	17
2142	14
2143	24
2144	16
2145	15
2146	15
2147	16
2148	12
2149	12
2150	23
2151	16
2152	9
2153	17
2154	18
2155	17
2156	23
2157	9
2158	16
2159	10
2160	8
2161	13
2162	16
2163	17
2164	14
2165	9
2166	20
2167	15
2168	11
2169	13
2170	13
2171	18
2172	17
2173	14
2174	16
2175	13
2176	12
2177	19
2178	10
2179	16
2180	15
2181	16
2182	16
2183	13
2184	13
2185	20
2186	16
2187	12
2188	9
2189	18
2190	12
2191	11
2192	16
2193	20
2194	18
2195	17
2196	11
2197	12
2198	21
2199	15
2200	11
2201	17
2202	9
2203	19
2204	10
2205	18
2206	17
2207	27
2208	7
2209	18
2210	17
2211	19
2212	16
2213	11
2214	18
2215	12
2216	11
2217	19
2218	15
2219	16
2220	17
2221	18
2222	16
2223	11
2224	17
2225	21
2226	17
2227	22
2228	19
2229	14
2230	17
2231	25
2232	11
2233	19
2234	12
2235	29
2236	13
2237	24
2238	15
2239	15
2240	20
2241	20
2242	21
2243	17
2244	23
2245	13
2246	29
2247	17
2248	21
2249	32
2250	19
2251	32
2252	17
2253	27
2254	16
2255	19
2256	24
2257	29
2258	27
2259	38
2260	29
2261	30
2262	41
2263	22
2264	31
2265	32
2266	31
2267	43
2268	32
2269	28
2270	38
2271	56
2272	36
2273	39
2274	36
2275	34
2276	49
2277	39
2278	47
2279	32
2280	51
2281	43
2282	38
2283	35
2284	41
2285	58
2286	38
2287	29
2288	37
2289	30
2290	41
2291	38
2292	41
2293	39
2294	40
2295	35
2296	32
2297	38
2298	23
2299	35
2300	41
2301	41
2302	34
2303	31
2304	37
2305	31
2306	29
2307	24
2308	45
2309	27
2310	41
2311	33
2312	34
2313	34
2314	23
2315	26
2316	30
2317	31
2318	24
2319	31
2320	23
2321	22
2322	15
2323	33
2324	17
2325	21
2326	26
2327	15
2328	14
2329	22
2330	16
2331	26
2332	26
2333	16
2334	17
2335	13
2336	20
2337	18
2338	15
2339	24
2340	20
2341	12
2342	20
2343	13
2344	11
2345	21
2346	10
2347	13
2348	24
2349	11
2350	14
2351	10
2352	10
2353	13
2354	18
2355	17
2356	13
2357	14
2358	14
2359	10
2360	12
2361	14
2362	10
2363	16
2364	11
2365	13
2366	10
2367	21
2368	9
2369	15
2370	11
2371	12
2372	13
2373	13
2374	11
2375	11
2376	12
2377	14
2378	7
2379	12
2380	11
2381	15
2382	9
2383	9
2384	13
2385	11
2386	9
2387	14
2388	11
2389	3
2390	12
2391	9
2392	11
2393	12
2394	7
2395	9
2396	9
2397	8
2398	7
2399	4
2400	11
2401	9
2402	12
2403	6
2404	13
2405	12
2406	13
2407	11
2408	13
2409	12
2410	13
2411	10
2412	9
2413	7
2414	10
2415	12
2416	7
2417	9
2418	8
2419	12
2420	8
2421	13
2422	11
2423	7
2424	13
2425	18
2426	13
2427	10
2428	16
2429	7
2430	10
2431	7
2432	12
2433	10
2434	14
2435	12
2436	12
2437	5
2438	15
2439	9
2440	14
2441	21
2442	4
2443	11
2444	9
2445	14
2446	14
2447	7
2448	10
2449	4
2450	11
2451	12
2452	8
2453	5
2454	6
2455	8
2456	18
2457	14
2458	9
2459	11
2460	12
2461	12
2462	13
2463	9
2464	4
2465	6
2466	12
2467	7
2468	20
2469	10
2470	12
2471	15
2472	6
2473	16
2474	11
2475	4
2476	9
2477	9
2478	3
2479	8
2480	5
2481	9
2482	11
2483	10
2484	9
2485	5
2486	10
2487	13
2488	8
2489	18
2490	11
2491	7
2492	9
2493	15
2494	7
2495	13
2496	9
2497	12
2498	11
2499	10
2500	16
2501	8
2502	14
2503	13
2504	13
2505	14
2506	2
2507	13
2508	10
2509	13
2510	18
2511	11
2512	8
2513	11
2514	11
2515	12
2516	9
2517	11
2518	14
2519	5
2520	9
2521	19
2522	12
2523	17
2524	7
2525	10
2526	10
2527	11
2528	6
2529	10
2530	14
2531	10
2532	16
2533	15
2534	10
2535	7
2536	10
2537	11
2538	12
2539	8
2540	13
2541	7
2542	15
2543	12
2544	9
2545	15
2546	13
2547	13
2548	10
2549	7
2550	15
2551	9
2552	16
2553	16
2554	8
2555	11
2556	5
2557	11
2558	12
2559	12
2560	6
2561	12
2562	18
2563	24
2564	6
2565	19
2566	28
2567	15
2568	9
2569	28
2570	13
2571	14
2572	14
2573	22
2574	12
2575	17
2576	8
2577	15
2578	16
2579	20
2580	19
2581	21
2582	17
2583	15
2584	17
2585	17
2586	9
2587	16
2588	14
2589	18
2590	16
2591	16
2592	17
2593	16
2594	26
2595	14
2596	21
2597	16
2598	22
2599	11
2600	14
2601	22
2602	18
2603	12
2604	13
2605	17
2606	13
2607	11
2608	17
2609	18
2610	11
2611	16
2612	22
2613	17
2614	21
2615	21
2616	15
2617	19
2618	20
2619	14
2620	15
2621	14
2622	21
2623	13
2624	6
2625	13
2626	12
2627	11
2628	15
2629	13
2630	17
2631	11
2632	11
2633	16
2634	14
2635	11
2636	17
2637	10
2638	15
2639	12
2640	14
2641	10
2642	12
2643	13
2644	10
2645	13
2646	8
2647	9
2648	12
2649	23
2650	8
2651	15
2652	11
2653	16
2654	8
2655	13
2656	8
2657	9
2658	15
2659	11
2660	11
2661	6
2662	11
2663	10
2664	8
2665	14
2666	6
2667	8
2668	6
2669	15
2670	6
2671	9
2672	9
2673	11
2674	7
2675	12
2676	5
2677	10
2678	16
2679	6
2680	5
2681	18
2682	11
2683	11
2684	8
2685	8
2686	11
2687	10
2688	6
2689	7
2690	13
2691	12
2692	8
2693	10
2694	12
2695	8
2696	7
2697	16
2698	6
2699	10
2700	17
2701	7
2702	9
2703	4
2704	3
2705	9
2706	6
2707	11
2708	6
2709	6
2710	7
2711	12
2712	9
2713	12
2714	5
2715	11
2716	9
2717	10
2718	8
2719	5
2720	11
2721	10
2722	7
2723	6
2724	9
2725	7
2726	10
2727	10
2728	9
2729	8
2730	9
2731	8
2732	11
2733	7
2734	11
2735	3
2736	15
2737	6
2738	8
2739	6
2740	3
2741	7
2742	11
2743	5
2744	10
2745	4
2746	5
2747	10
2748	6
2749	8
2750	5
2751	8
2752	8
2753	10
2754	7
2755	9
2756	11
2757	1
2758	8
2759	10
2760	10
2761	7
2762	8
2763	6
2764	9
2765	7
2766	14
2767	8
2768	11
2769	9
2770	9
2771	11
2772	9
2773	7
2774	8
2775	4
2776	5
2777	9
2778	11
2779	8
2780	10
2781	11
2782	15
2783	7
2784	6
2785	5
2786	9
2787	11
2788	9
2789	6
2790	19
2791	8
2792	10
2793	5
2794	8
2795	6
2796	10
2797	9
2798	7
2799	8
2800	10
2801	7
2802	12
2803	12
2804	8
2805	6
2806	12
2807	7
2808	1
2809	7
2810	8
2811	9
2812	11
2813	14
2814	11
2815	4
2816	10
2817	3
2818	10
2819	4
2820	6
2821	8
2822	8
2823	10
2824	10
2825	8
2826	5
2827	6
2828	13
2829	5
2830	6
2831	6
2832	7
2833	10
2834	10
2835	10
2836	7
2837	5
2838	12
2839	5
2840	10
2841	9
2842	8
2843	9
2844	8
2845	9
2846	2
2847	8
2848	10
2849	4
2850	14
2851	9
2852	6
2853	6
2854	12
2855	6
2856	9
2857	9
2858	6
2859	9
2860	6
2861	7
2862	5
2863	3
2864	9
2865	7
2866	11
2867	11
2868	10
2869	2
2870	8
2871	10
2872	7
2873	9
2874	9
2875	11
2876	6
2877	8
2878	8
2879	11
2880	7
2881	10
2882	13
2883	4
2884	9
2885	6
2886	6
2887	4
2888	7
2889	8
2890	4
2891	2
2892	6
2893	10
2894	2
2895	7
2896	4
2897	10
2898	4
2899	6
2900	7
2901	5
2902	9
2903	3
2904	9
2905	10
2906	9
2907	6
2908	1
2909	10
2910	4
2911	6
2912	4
2913	6
2914	3
2915	4
2916	13
2917	2
2918	9
2919	9
2920	11
2921	7
2922	6
2923	3
2924	9
2925	7
2926	13
2927	6
2928	7
2929	7
2930	5
2931	6
2932	3
2933	6
2934	13
2935	6
2936	9
2937	11
2938	1
2939	11
2940	7
2941	6
2942	11
2943	6
2944	8
2945	6
2946	8
2947	6
2948	10
2949	9
2950	6
2951	8
2952	10
2953	10
2954	6
2955	8
2956	5
2957	12
2958	5
2959	9
2960	15
2961	11
2962	9
2963	12
2964	11
2965	6
2966	3
2967	5
2968	7
2969	10
2970	4
2971	10
2972	8
2973	7
2974	7
2975	10
2976	10
2977	7
2978	13
2979	7
2980	12
2981	5
2982	7
2983	2
2984	8
2985	10
2986	7
2987	7
2988	3
2989	13
2990	8
2991	6
2992	1
2993	5
2994	6
2995	13
2996	9
2997	3
2998	7
2999	4
3000	3
3001	5
3002	2
3003	7
3004	11
3005	9
3006	6
3007	6
3008	9
3009	11
3010	7
3011	6
3012	7
3013	5
3014	10
3015	4
3016	11
3017	13
3018	7
3019	9
3020	10
3021	9
3022	8
3023	3
3024	9
3025	4
3026	8
3027	14
3028	6
3029	2
3030	9
3031	5
3032	5
3033	6
3034	10
3035	8
3036	13
3037	7
3038	5
3039	5
3040	8
3041	3
3042	5
3043	5
3044	9
3045	2
3046	6
3047	9
3048	5
3049	6
3050	6
3051	3
3052	9
3053	5
3054	4
3055	10
3056	5
3057	7
3058	9
3059	7
3060	9
3061	4
3062	5
3063	3
3064	6
3065	8
3066	10
3067	5
3068	6
3069	4
3070	3
3071	2
3072	6
3073	2
3074	4
3075	8
3076	5
3077	4
3078	8
3079	11
3080	7
3081	6
3082	5
3083	4
3084	8
3085	7
3086	5
3087	3
3088	9
3089	5
3090	4
3091	9
3092	6
3093	3
3094	6
3095	7
3096	2
3097	10
3098	4
3099	6
3100	4
3101	7
3102	5
3103	8
3104	8
3105	1
3106	7
3107	2
3108	6
3109	1
3110	7
3111	10
3112	6
3113	10
3114	6
3115	6
3116	6
3117	4
3118	5
3119	3
3120	4
3121	8
3122	6
3123	6
3124	7
3125	8
3126	3
3127	4
3128	7
3129	6
3130	7
3131	8
3132	5
3133	5
3134	6
3135	3
3136	5
3137	7
3138	6
3139	6
3140	7
3141	3
3142	5
3143	5
3144	5
3145	10
3146	2
3147	0
3148	8
3149	5
3150	3
3151	5
3152	3
3153	7
3154	5
3155	10
3156	6
3157	0
3158	9
3159	5
3160	6
3161	7
3162	4
3163	5
3164	1
3165	4
3166	3
3167	4
3168	8
3169	5
3170	5
3171	5
3172	8
3173	3
3174	6
3175	5
3176	5
3177	7
3178	3
3179	3
3180	5
3181	8
3182	2
3183	5
3184	7
3185	1
3186	6
3187	6
3188	6
3189	3
3190	14
3191	7
3192	5
3193	5
3194	4
3195	4
3196	5
3197	4
3198	6
3199	3
3200	7
3201	4
3202	6
3203	9
3204	6
3205	2
3206	8
3207	5
3208	4
3209	12
3210	2
3211	2
3212	11
3213	4
3214	6
3215	6
3216	5
3217	10
3218	6
3219	9
3220	5
3221	3
3222	10
3223	3
3224	5
3225	9
3226	3
3227	7
3228	4
3229	1
3230	5
3231	9
3232	0
3233	7
3234	4
3235	4
3236	10
3237	6
3238	5
3239	4
3240	5
3241	7
3242	4
3243	6
3244	10
3245	5
3246	5
3247	6
3248	9
3249	4
3250	4
3251	6
3252	6
3253	4
3254	4
3255	5
3256	6
3257	6
3258	3
3259	5
3260	6
3261	5
3262	5
3263	5
3264	2
3265	10
3266	6
3267	2
3268	3
3269	0
3270	9
3271	4
3272	7
3273	5
3274	6
3275	4
3276	5
3277	4
3278	6
3279	7
3280	1
3281	3
3282	5
3283	5
3284	2
3285	1
3286	5
3287	4
3288	2
3289	6
3290	4
3291	4
3292	5
3293	7
3294	6
3295	6
3296	4
3297	4
3298	8
3299	2
3300	11
3301	2
3302	2
3303	1
3304	1
3305	4
3306	3
3307	2
3308	3
3309	4
3310	5
3311	9
3312	3
3313	5
3314	12
3315	8
3316	6
3317	4
3318	6
3319	3
3320	6
3321	5
3322	6
3323	9
3324	6
3325	5
3326	4
3327	2
3328	5
3329	3
3330	7
3331	3
3332	4
3333	5
3334	2
3335	5
3336	2
3337	3
3338	7
3339	4
3340	2
3341	5
3342	5
3343	1
3344	3
3345	6
3346	5
3347	1
3348	4
3349	0
3350	2
3351	2
3352	2
3353	5
3354	1
3355	3
3356	6
3357	2
3358	9
3359	3
3360	6
3361	7
3362	7
3363	6
3364	8
3365	5
3366	5
3367	4
3368	1
3369	6
3370	3
3371	3
3372	6
3373	4
3374	6
3375	1
3376	2
3377	5
3378	4
3379	2
3380	2
3381	4
3382	4
3383	4
3384	4
3385	5
3386	0
3387	4
3388	8
3389	5
3390	1
3391	5
3392	4
3393	5
3394	4
3395	1
3396	2
3397	2
3398	4
3399	3
3400	5
3401	2
3402	1
3403	3
3404	11
3405	1
3406	11
3407	5
3408	3
3409	3
3410	9
3411	8
3412	7
3413	4
3414	1
3415	1
3416	5
3417	3
3418	1
3419	3
3420	4
3421	3
3422	3
3423	4
3424	6
3425	4
3426	4
3427	5
3428	8
3429	0
3430	8
3431	2
3432	2
3433	2
3434	1
3435	3
3436	8
3437	3
3438	1
3439	2
3440	3
3441	1
3442	4
3443	4
3444	2
3445	4
3446	3
3447	4
3448	4
3449	4
3450	2
3451	4
3452	3
3453	3
3454	6
3455	2
3456	7
3457	2
3458	6
3459	2
3460	7
3461	3
3462	2
3463	1
3464	1
3465	3
3466	3
3467	3
3468	6
3469	4
3470	1
3471	4
3472	3
3473	4
3474	1
3475	3
3476	1
3477	1
3478	2
3479	2
3480	2
3481	3
3482	2
3483	2
3484	2
3485	4
3486	3
3487	5
3488	3
3489	4
3490	3
3491	8
3492	5
3493	4
3494	5
3495	1
3496	0
3497	6
3498	2
3499	3
3500	5
3501	3
3502	5
3503	3
3504	6
3505	3
3506	3
3507	4
3508	5
3509	2
3510	4
3511	4
3512	2
3513	7
3514	4
3515	4
3516	4
3517	1
3518	2
3519	6
3520	1
3521	4
3522	2
3523	3
3524	3
3525	4
3526	1
3527	2
3528	3
3529	4
3530	2
3531	2
3532	2
3533	2
3534	1
3535	2
3536	3
3537	4
3538	3
3539	3
3540	0
3541	5
3542	2
3543	1
3544	1
3545	2
3546	4
3547	5
3548	1
3549	4
3550	6
3551	2
3552	4
3553	5
3554	3
3555	6
3556	5
3557	2
3558	4
3559	3
3560	1
3561	4
3562	1
3563	5
3564	3
3565	3
3566	4
3567	0
3568	6
3569	2
3570	2
3571	5
3572	6
3573	0
3574	6
3575	2
3576	4
3577	1
3578	0
3579	6
3580	5
3581	1
3582	3
3583	4
3584	2
3585	5
3586	0
3587	3
3588	1
3589	3
3590	1
3591	2
3592	0
3593	3
3594	2
3595	2
3596	4
3597	6
3598	5
3599	1
3600	0
3601	4
3602	5
3603	0
3604	1
3605	0
3606	4
3607	1
3608	2
3609	7
3610	2
3611	4
3612	2
3613	2
3614	1
3615	4
3616	2
3617	2
3618	0
3619	0
3620	4
3621	1
3622	2
3623	1
3624	2
3625	2
3626	1
3627	2
3628	3
3629	1
3630	1
3631	0
3632	2
3633	1
3634	1
3635	4
3636	1
3637	2
3638	4
3639	2
3640	3
3641	2
3642	2
3643	2
3644	0
3645	0
3646	4
3647	4
3648	0
3649	2
3650	2
3651	5
3652	3
3653	2
3654	1
3655	2
3656	2
3657	3
3658	4
3659	0
3660	3
3661	2
3662	4
3663	2
3664	1
3665	1
3666	1
3667	4
3668	1
3669	1
3670	6
3671	4
3672	3
3673	2
3674	1
3675	5
3676	0
3677	1
3678	6
3679	2
3680	2
3681	3
3682	1
3683	2
3684	1
3685	1
3686	0
3687	3
3688	3
3689	7
3690	0
3691	0
3692	0
3693	6
3694	3
3695	1
3696	1
3697	1
3698	3
3699	1
3700	0
3701	3
3702	2
3703	2
3704	2
3705	3
3706	2
3707	2
3708	3
3709	3
3710	2
3711	0
3712	2
3713	2
3714	2
3715	0
3716	6
3717	2
3718	5
3719	2
3720	4
3721	1
3722	2
3723	1
3724	3
3725	1
3726	1
3727	1
3728	6
3729	1
3730	2
3731	2
3732	4
3733	0
3734	3
3735	0
3736	0
3737	2
3738	0
3739	1
3740	1
3741	4
3742	6
3743	5
3744	0
3745	2
3746	2
3747	1
3748	3
3749	0
3750	2
3751	1
3752	1
3753	3
3754	1
3755	3
3756	4
3757	2
3758	2
3759	3
3760	5
3761	4
3762	3
3763	3
3764	3
3765	2
3766	2
3767	2
3768	0
3769	4
3770	2
3771	2
3772	1
3773	0
3774	3
3775	0
3776	0
3777	1
3778	1
3779	1
3780	2
3781	0
3782	2
3783	2
3784	2
3785	1
3786	1
3787	3
3788	2
3789	4
3790	1
3791	0
3792	1
3793	1
3794	3
3795	2
3796	1
3797	0
3798	1
3799	2
3800	2
3801	3
3802	1
3803	4
3804	3
3805	3
3806	2
3807	0
3808	1
3809	0
3810	1
3811	5
3812	0
3813	2
3814	1
3815	0
3816	2
3817	0
3818	1
3819	0
3820	4
3821	2
3822	2
3823	0
3824	0
3825	0
3826	1
3827	3
3828	1
3829	6
3830	1
3831	1
3832	3
3833	1
3834	3
3835	1
3836	1
3837	0
3838	2
3839	2
3840	1
3841	1
3842	0
3843	1
3844	2
3845	0
3846	3
3847	0
3848	4
3849	1
3850	1
3851	0
3852	1
3853	1
3854	1
3855	0
3856	4
3857	2
3858	0
3859	0
3860	0
3861	1
3862	2
3863	0
3864	0
3865	1
3866	0
3867	1
3868	0
3869	1
3870	0
3871	1
3872	1
3873	1
3874	4
3875	0
3876	3
3877	1
3878	1
3879	0
3880	1
3881	1
3882	2
3883	0
3884	2
3885	1
3886	0
3887	1
3888	4
3889	1
3890	0
3891	1
3892	1
3893	3
3894	0
3895	1
3896	1
3897	2
3898	0
3899	2
3900	2
3901	2
3902	3
3903	3
3904	1
3905	1
3906	1
3907	0
3908	0
3909	1
3910	1
3911	1
3912	2
3913	3
3914	1
3915	1
3916	1
3917	1
3918	1
3919	0
3920	1
3921	2
3922	0
3923	0
3924	2
3925	1
3926	3
3927	2
3928	0
3929	0
3930	0
3931	0
3932	1
3933	2
3934	1
3935	1
3936	2
3937	2
3938	1
3939	2
3940	2
3941	1
3942	2
3943	3
3944	0
3945	1
3946	0
3947	1
3948	2
3949	0
3950	1
3951	0
3952	1
3953	2
3954	0
3955	2
3956	0
3957	0
3958	2
3959	0
3960	1
3961	0
3962	0
3963	0
3964	0
3965	1
3966	2
3967	0
3968	1
3969	1
3970	0
3971	1
3972	0
3973	1
3974	0
3975	0
3976	0
3977	0
3978	0
3979	1
3980	2
3981	0
3982	0
3983	0
3984	0
3985	0
3986	1
3987	0
3988	2
3989	0
3990	1
3991	0
3992	1
3993	1
3994	2
3995	0
3996	0
3997	1
3998	0
3999	1
4000	2
