Channel number	Impulses
Channel/#	Impulses/#

0	0
1	0
2	0
3	0
4	0
5	0
6	0
7	0
8	0
9	0
10	0
11	0
12	0
13	0
14	0
15	0
16	0
17	0
18	0
19	0
20	0
21	0
22	0
23	0
24	0
25	0
26	0
27	0
28	0
29	0
30	0
31	0
32	0
33	0
34	0
35	0
36	0
37	0
38	0
39	0
40	0
41	0
42	0
43	0
44	0
45	0
46	0
47	0
48	0
49	1
50	0
51	0
52	1
53	0
54	0
55	1
56	2
57	2
58	6
59	3
60	5
61	6
62	6
63	9
64	2
65	7
66	4
67	5
68	5
69	9
70	2
71	4
72	3
73	5
74	2
75	8
76	8
77	3
78	3
79	9
80	5
81	3
82	7
83	5
84	8
85	3
86	8
87	4
88	3
89	2
90	5
91	7
92	8
93	5
94	3
95	7
96	4
97	5
98	2
99	3
100	4
101	1
102	7
103	4
104	3
105	3
106	3
107	3
108	5
109	4
110	2
111	6
112	5
113	5
114	4
115	1
116	1
117	4
118	5
119	1
120	4
121	6
122	4
123	5
124	5
125	4
126	3
127	10
128	6
129	4
130	2
131	2
132	4
133	2
134	3
135	4
136	4
137	3
138	5
139	0
140	10
141	6
142	5
143	5
144	5
145	4
146	2
147	3
148	6
149	2
150	2
151	6
152	4
153	5
154	3
155	3
156	3
157	5
158	3
159	6
160	4
161	5
162	3
163	1
164	4
165	3
166	4
167	1
168	5
169	1
170	4
171	7
172	6
173	5
174	4
175	4
176	3
177	4
178	3
179	4
180	2
181	4
182	2
183	2
184	3
185	6
186	3
187	2
188	4
189	0
190	3
191	2
192	4
193	2
194	5
195	5
196	1
197	3
198	9
199	5
200	4
201	2
202	0
203	0
204	3
205	2
206	3
207	0
208	1
209	3
210	1
211	5
212	6
213	2
214	1
215	4
216	2
217	5
218	2
219	5
220	1
221	0
222	2
223	3
224	3
225	5
226	2
227	1
228	3
229	0
230	2
231	0
232	5
233	2
234	2
235	3
236	8
237	3
238	1
239	2
240	3
241	1
242	4
243	3
244	4
245	1
246	2
247	1
248	1
249	4
250	5
251	4
252	8
253	5
254	1
255	3
256	0
257	0
258	2
259	0
260	2
261	3
262	1
263	4
264	4
265	2
266	1
267	6
268	2
269	1
270	5
271	4
272	1
273	2
274	6
275	5
276	4
277	0
278	3
279	0
280	3
281	2
282	1
283	4
284	4
285	4
286	6
287	5
288	2
289	2
290	2
291	1
292	3
293	1
294	3
295	2
296	2
297	3
298	2
299	4
300	4
301	1
302	1
303	0
304	4
305	1
306	2
307	2
308	4
309	2
310	0
311	5
312	5
313	0
314	1
315	3
316	1
317	0
318	2
319	5
320	2
321	3
322	1
323	5
324	1
325	1
326	0
327	3
328	1
329	3
330	1
331	1
332	2
333	2
334	3
335	2
336	2
337	3
338	3
339	2
340	2
341	4
342	1
343	3
344	0
345	2
346	2
347	1
348	1
349	5
350	2
351	3
352	3
353	1
354	1
355	0
356	6
357	2
358	1
359	1
360	1
361	0
362	3
363	1
364	1
365	2
366	1
367	2
368	1
369	1
370	3
371	2
372	1
373	0
374	1
375	0
376	1
377	3
378	2
379	4
380	3
381	4
382	3
383	4
384	2
385	1
386	1
387	3
388	1
389	0
390	3
391	1
392	0
393	2
394	3
395	4
396	0
397	2
398	3
399	3
400	1
401	2
402	3
403	0
404	4
405	2
406	0
407	1
408	1
409	1
410	0
411	2
412	2
413	1
414	3
415	3
416	4
417	0
418	0
419	0
420	1
421	1
422	1
423	2
424	0
425	1
426	4
427	5
428	3
429	0
430	1
431	2
432	3
433	0
434	1
435	1
436	2
437	0
438	3
439	1
440	1
441	2
442	1
443	1
444	0
445	3
446	0
447	2
448	1
449	0
450	1
451	3
452	1
453	1
454	5
455	1
456	0
457	2
458	3
459	2
460	4
461	3
462	0
463	2
464	1
465	0
466	3
467	1
468	0
469	1
470	3
471	2
472	2
473	0
474	1
475	5
476	2
477	0
478	2
479	1
480	1
481	3
482	4
483	0
484	0
485	0
486	1
487	2
488	0
489	1
490	2
491	1
492	1
493	0
494	2
495	0
496	0
497	1
498	1
499	3
500	2
501	1
502	1
503	0
504	2
505	2
506	4
507	1
508	3
509	3
510	0
511	4
512	0
513	2
514	4
515	1
516	0
517	1
518	2
519	1
520	1
521	0
522	1
523	1
524	4
525	2
526	1
527	1
528	2
529	1
530	4
531	2
532	2
533	2
534	3
535	2
536	2
537	2
538	3
539	1
540	2
541	2
542	1
543	1
544	0
545	4
546	0
547	2
548	1
549	0
550	1
551	3
552	2
553	2
554	4
555	1
556	2
557	4
558	1
559	1
560	1
561	0
562	2
563	4
564	2
565	0
566	3
567	2
568	0
569	1
570	0
571	2
572	3
573	1
574	2
575	3
576	2
577	2
578	0
579	1
580	2
581	3
582	1
583	1
584	2
585	3
586	1
587	4
588	2
589	3
590	1
591	1
592	0
593	0
594	0
595	2
596	0
597	0
598	2
599	0
600	2
601	1
602	1
603	3
604	0
605	0
606	3
607	0
608	3
609	4
610	2
611	0
612	1
613	1
614	1
615	1
616	1
617	3
618	1
619	4
620	3
621	1
622	1
623	1
624	0
625	1
626	0
627	2
628	5
629	2
630	3
631	1
632	0
633	2
634	0
635	3
636	0
637	0
638	3
639	5
640	1
641	3
642	1
643	2
644	4
645	2
646	2
647	0
648	1
649	1
650	1
651	4
652	1
653	1
654	1
655	1
656	2
657	4
658	0
659	2
660	3
661	0
662	4
663	0
664	1
665	5
666	1
667	0
668	1
669	2
670	0
671	1
672	0
673	0
674	2
675	1
676	2
677	0
678	1
679	1
680	1
681	3
682	2
683	0
684	1
685	0
686	2
687	1
688	2
689	0
690	0
691	2
692	1
693	2
694	0
695	4
696	0
697	1
698	1
699	0
700	2
701	1
702	0
703	0
704	3
705	1
706	2
707	2
708	4
709	2
710	2
711	1
712	0
713	1
714	1
715	2
716	0
717	3
718	1
719	1
720	2
721	0
722	2
723	2
724	1
725	0
726	4
727	1
728	0
729	1
730	0
731	3
732	0
733	0
734	1
735	0
736	0
737	1
738	0
739	0
740	3
741	1
742	3
743	1
744	2
745	3
746	2
747	5
748	0
749	1
750	1
751	0
752	0
753	1
754	0
755	0
756	2
757	1
758	2
759	0
760	2
761	2
762	2
763	1
764	0
765	0
766	1
767	1
768	0
769	1
770	5
771	2
772	0
773	1
774	2
775	0
776	2
777	2
778	0
779	0
780	2
781	1
782	0
783	3
784	2
785	3
786	1
787	2
788	1
789	1
790	0
791	2
792	2
793	2
794	2
795	4
796	3
797	2
798	0
799	3
800	1
801	2
802	5
803	3
804	5
805	2
806	2
807	0
808	2
809	4
810	3
811	3
812	3
813	1
814	0
815	1
816	2
817	2
818	2
819	1
820	1
821	2
822	2
823	1
824	0
825	5
826	3
827	1
828	5
829	3
830	3
831	1
832	4
833	2
834	1
835	1
836	6
837	0
838	6
839	0
840	5
841	2
842	2
843	4
844	2
845	5
846	6
847	2
848	3
849	1
850	0
851	1
852	0
853	1
854	4
855	2
856	7
857	2
858	4
859	5
860	5
861	4
862	5
863	3
864	1
865	3
866	4
867	2
868	3
869	3
870	3
871	2
872	4
873	5
874	2
875	4
876	5
877	5
878	3
879	2
880	1
881	5
882	4
883	3
884	3
885	3
886	3
887	5
888	2
889	3
890	0
891	4
892	4
893	2
894	4
895	2
896	1
897	2
898	4
899	3
900	7
901	0
902	2
903	3
904	6
905	6
906	2
907	4
908	4
909	3
910	1
911	1
912	1
913	3
914	2
915	4
916	2
917	3
918	5
919	0
920	2
921	7
922	2
923	1
924	0
925	4
926	1
927	2
928	3
929	5
930	3
931	1
932	2
933	3
934	1
935	0
936	1
937	1
938	2
939	3
940	4
941	2
942	0
943	2
944	0
945	2
946	4
947	3
948	3
949	2
950	3
951	1
952	0
953	1
954	1
955	1
956	5
957	0
958	2
959	0
960	1
961	4
962	2
963	2
964	1
965	4
966	4
967	2
968	3
969	1
970	0
971	0
972	7
973	3
974	1
975	1
976	1
977	0
978	0
979	3
980	3
981	2
982	7
983	3
984	3
985	2
986	1
987	4
988	4
989	1
990	3
991	5
992	2
993	5
994	2
995	3
996	2
997	1
998	3
999	1
1000	1
1001	1
1002	4
1003	2
1004	4
1005	1
1006	2
1007	2
1008	2
1009	2
1010	1
1011	1
1012	0
1013	1
1014	4
1015	1
1016	1
1017	2
1018	4
1019	1
1020	5
1021	2
1022	1
1023	2
1024	1
1025	3
1026	1
1027	2
1028	4
1029	1
1030	4
1031	2
1032	5
1033	0
1034	1
1035	2
1036	2
1037	7
1038	0
1039	2
1040	1
1041	1
1042	4
1043	3
1044	2
1045	1
1046	3
1047	2
1048	1
1049	4
1050	2
1051	9
1052	3
1053	5
1054	6
1055	4
1056	2
1057	1
1058	7
1059	2
1060	4
1061	3
1062	3
1063	2
1064	1
1065	1
1066	2
1067	4
1068	4
1069	0
1070	7
1071	8
1072	3
1073	1
1074	6
1075	2
1076	1
1077	6
1078	3
1079	7
1080	4
1081	10
1082	7
1083	4
1084	4
1085	6
1086	5
1087	4
1088	6
1089	5
1090	2
1091	6
1092	6
1093	2
1094	6
1095	1
1096	5
1097	3
1098	4
1099	3
1100	4
1101	2
1102	0
1103	1
1104	3
1105	4
1106	3
1107	3
1108	3
1109	3
1110	5
1111	4
1112	2
1113	1
1114	1
1115	2
1116	5
1117	2
1118	5
1119	2
1120	3
1121	3
1122	3
1123	3
1124	3
1125	2
1126	3
1127	1
1128	5
1129	3
1130	4
1131	1
1132	4
1133	2
1134	7
1135	4
1136	5
1137	4
1138	1
1139	3
1140	4
1141	4
1142	4
1143	2
1144	2
1145	1
1146	4
1147	4
1148	5
1149	3
1150	6
1151	4
1152	4
1153	4
1154	3
1155	2
1156	6
1157	5
1158	3
1159	4
1160	7
1161	2
1162	3
1163	4
1164	2
1165	13
1166	2
1167	6
1168	1
1169	6
1170	6
1171	2
1172	4
1173	2
1174	3
1175	3
1176	4
1177	0
1178	4
1179	4
1180	6
1181	6
1182	5
1183	3
1184	2
1185	1
1186	4
1187	5
1188	2
1189	3
1190	4
1191	4
1192	4
1193	2
1194	5
1195	2
1196	3
1197	4
1198	2
1199	2
1200	3
1201	4
1202	6
1203	6
1204	2
1205	3
1206	6
1207	1
1208	1
1209	2
1210	3
1211	3
1212	4
1213	4
1214	4
1215	6
1216	4
1217	6
1218	7
1219	4
1220	7
1221	8
1222	5
1223	2
1224	5
1225	3
1226	4
1227	2
1228	4
1229	2
1230	2
1231	2
1232	2
1233	1
1234	6
1235	6
1236	2
1237	3
1238	5
1239	4
1240	5
1241	6
1242	4
1243	8
1244	7
1245	2
1246	10
1247	6
1248	3
1249	4
1250	8
1251	1
1252	5
1253	6
1254	2
1255	6
1256	4
1257	4
1258	5
1259	5
1260	7
1261	6
1262	10
1263	5
1264	4
1265	7
1266	5
1267	3
1268	9
1269	5
1270	12
1271	4
1272	6
1273	5
1274	5
1275	8
1276	3
1277	6
1278	5
1279	13
1280	1
1281	5
1282	3
1283	4
1284	7
1285	4
1286	5
1287	3
1288	4
1289	9
1290	4
1291	5
1292	3
1293	5
1294	8
1295	7
1296	9
1297	6
1298	4
1299	3
1300	9
1301	7
1302	4
1303	5
1304	8
1305	8
1306	5
1307	7
1308	5
1309	4
1310	3
1311	7
1312	7
1313	3
1314	6
1315	6
1316	9
1317	3
1318	6
1319	5
1320	3
1321	8
1322	6
1323	7
1324	14
1325	6
1326	7
1327	3
1328	5
1329	4
1330	7
1331	2
1332	8
1333	4
1334	7
1335	7
1336	5
1337	4
1338	1
1339	3
1340	6
1341	4
1342	11
1343	8
1344	1
1345	10
1346	3
1347	6
1348	5
1349	3
1350	4
1351	4
1352	8
1353	8
1354	3
1355	10
1356	9
1357	5
1358	7
1359	8
1360	2
1361	4
1362	7
1363	3
1364	2
1365	2
1366	13
1367	5
1368	5
1369	5
1370	4
1371	10
1372	6
1373	5
1374	3
1375	5
1376	3
1377	5
1378	8
1379	5
1380	5
1381	2
1382	12
1383	4
1384	4
1385	9
1386	3
1387	9
1388	10
1389	7
1390	9
1391	6
1392	7
1393	6
1394	3
1395	6
1396	7
1397	5
1398	4
1399	0
1400	5
1401	7
1402	9
1403	10
1404	12
1405	7
1406	2
1407	8
1408	4
1409	5
1410	7
1411	9
1412	10
1413	5
1414	9
1415	7
1416	7
1417	6
1418	10
1419	4
1420	6
1421	7
1422	10
1423	9
1424	9
1425	8
1426	8
1427	6
1428	7
1429	6
1430	6
1431	6
1432	5
1433	8
1434	9
1435	6
1436	5
1437	7
1438	15
1439	3
1440	2
1441	5
1442	8
1443	7
1444	12
1445	6
1446	5
1447	3
1448	7
1449	12
1450	6
1451	9
1452	5
1453	7
1454	4
1455	3
1456	6
1457	3
1458	8
1459	7
1460	12
1461	4
1462	7
1463	7
1464	7
1465	7
1466	6
1467	11
1468	10
1469	4
1470	8
1471	11
1472	7
1473	8
1474	7
1475	6
1476	12
1477	6
1478	11
1479	6
1480	5
1481	8
1482	7
1483	2
1484	7
1485	7
1486	13
1487	10
1488	11
1489	11
1490	10
1491	4
1492	6
1493	4
1494	11
1495	0
1496	8
1497	9
1498	8
1499	8
1500	0
1501	5
1502	11
1503	6
1504	6
1505	4
1506	3
1507	9
1508	9
1509	6
1510	8
1511	6
1512	8
1513	10
1514	1
1515	8
1516	4
1517	7
1518	7
1519	4
1520	10
1521	13
1522	9
1523	14
1524	12
1525	5
1526	8
1527	6
1528	7
1529	9
1530	8
1531	8
1532	11
1533	9
1534	12
1535	9
1536	2
1537	12
1538	14
1539	6
1540	5
1541	4
1542	9
1543	10
1544	8
1545	6
1546	13
1547	9
1548	11
1549	9
1550	7
1551	6
1552	9
1553	10
1554	4
1555	8
1556	12
1557	10
1558	8
1559	13
1560	7
1561	9
1562	5
1563	13
1564	7
1565	9
1566	10
1567	11
1568	4
1569	7
1570	8
1571	10
1572	8
1573	5
1574	13
1575	4
1576	7
1577	12
1578	5
1579	8
1580	15
1581	3
1582	7
1583	5
1584	11
1585	8
1586	8
1587	10
1588	3
1589	4
1590	9
1591	6
1592	8
1593	6
1594	13
1595	7
1596	5
1597	5
1598	10
1599	13
1600	8
1601	8
1602	6
1603	11
1604	12
1605	2
1606	5
1607	7
1608	12
1609	16
1610	9
1611	7
1612	10
1613	8
1614	12
1615	10
1616	7
1617	9
1618	11
1619	10
1620	7
1621	7
1622	11
1623	5
1624	7
1625	5
1626	4
1627	7
1628	10
1629	9
1630	7
1631	11
1632	6
1633	6
1634	7
1635	10
1636	9
1637	6
1638	7
1639	3
1640	15
1641	10
1642	12
1643	9
1644	5
1645	3
1646	8
1647	12
1648	8
1649	7
1650	5
1651	13
1652	9
1653	8
1654	7
1655	8
1656	7
1657	7
1658	4
1659	6
1660	8
1661	8
1662	4
1663	12
1664	6
1665	15
1666	10
1667	6
1668	14
1669	5
1670	14
1671	5
1672	7
1673	8
1674	12
1675	7
1676	13
1677	11
1678	9
1679	10
1680	7
1681	7
1682	6
1683	8
1684	11
1685	5
1686	10
1687	4
1688	8
1689	7
1690	5
1691	5
1692	5
1693	4
1694	11
1695	12
1696	5
1697	5
1698	6
1699	8
1700	7
1701	6
1702	12
1703	6
1704	4
1705	10
1706	5
1707	3
1708	12
1709	8
1710	7
1711	9
1712	9
1713	6
1714	10
1715	3
1716	9
1717	14
1718	17
1719	7
1720	4
1721	7
1722	4
1723	10
1724	5
1725	13
1726	10
1727	9
1728	7
1729	8
1730	5
1731	8
1732	14
1733	7
1734	12
1735	11
1736	12
1737	11
1738	13
1739	13
1740	18
1741	7
1742	6
1743	6
1744	10
1745	10
1746	8
1747	10
1748	11
1749	7
1750	13
1751	9
1752	10
1753	16
1754	5
1755	9
1756	10
1757	9
1758	9
1759	12
1760	5
1761	7
1762	16
1763	6
1764	11
1765	8
1766	9
1767	8
1768	11
1769	8
1770	10
1771	15
1772	13
1773	6
1774	9
1775	7
1776	6
1777	7
1778	13
1779	11
1780	14
1781	6
1782	9
1783	3
1784	12
1785	16
1786	8
1787	12
1788	16
1789	10
1790	12
1791	12
1792	4
1793	7
1794	12
1795	12
1796	13
1797	3
1798	12
1799	6
1800	7
1801	10
1802	4
1803	10
1804	7
1805	4
1806	10
1807	7
1808	14
1809	13
1810	11
1811	13
1812	13
1813	6
1814	9
1815	7
1816	5
1817	8
1818	7
1819	8
1820	7
1821	16
1822	10
1823	8
1824	10
1825	17
1826	8
1827	12
1828	14
1829	2
1830	21
1831	9
1832	6
1833	8
1834	6
1835	8
1836	10
1837	8
1838	11
1839	8
1840	8
1841	9
1842	6
1843	7
1844	12
1845	5
1846	13
1847	10
1848	8
1849	12
1850	6
1851	10
1852	10
1853	7
1854	10
1855	12
1856	11
1857	11
1858	12
1859	13
1860	13
1861	10
1862	8
1863	7
1864	10
1865	10
1866	8
1867	18
1868	17
1869	10
1870	12
1871	12
1872	12
1873	6
1874	6
1875	15
1876	13
1877	7
1878	13
1879	5
1880	5
1881	19
1882	14
1883	10
1884	10
1885	15
1886	9
1887	11
1888	14
1889	12
1890	10
1891	7
1892	14
1893	11
1894	12
1895	12
1896	19
1897	15
1898	7
1899	18
1900	16
1901	15
1902	15
1903	11
1904	15
1905	6
1906	14
1907	10
1908	11
1909	18
1910	8
1911	6
1912	14
1913	16
1914	6
1915	13
1916	15
1917	12
1918	13
1919	16
1920	17
1921	13
1922	14
1923	13
1924	16
1925	13
1926	11
1927	12
1928	16
1929	11
1930	11
1931	17
1932	16
1933	17
1934	20
1935	12
1936	20
1937	16
1938	14
1939	19
1940	16
1941	10
1942	24
1943	15
1944	15
1945	22
1946	13
1947	22
1948	15
1949	23
1950	28
1951	18
1952	17
1953	26
1954	29
1955	19
1956	32
1957	13
1958	31
1959	27
1960	35
1961	32
1962	22
1963	23
1964	33
1965	28
1966	27
1967	33
1968	43
1969	30
1970	33
1971	38
1972	53
1973	36
1974	55
1975	38
1976	49
1977	45
1978	34
1979	56
1980	46
1981	45
1982	52
1983	61
1984	52
1985	53
1986	56
1987	51
1988	77
1989	47
1990	63
1991	35
1992	52
1993	78
1994	48
1995	48
1996	75
1997	55
1998	62
1999	61
2000	53
2001	65
2002	72
2003	72
2004	67
2005	57
2006	72
2007	36
2008	76
2009	61
2010	57
2011	67
2012	84
2013	53
2014	73
2015	64
2016	65
2017	73
2018	60
2019	58
2020	79
2021	46
2022	78
2023	54
2024	53
2025	60
2026	57
2027	50
2028	66
2029	53
2030	48
2031	34
2032	52
2033	48
2034	43
2035	48
2036	51
2037	33
2038	60
2039	28
2040	28
2041	49
2042	38
2043	43
2044	47
2045	29
2046	26
2047	32
2048	19
2049	24
2050	26
2051	32
2052	25
2053	24
2054	31
2055	30
2056	20
2057	33
2058	10
2059	27
2060	13
2061	20
2062	19
2063	24
2064	14
2065	19
2066	17
2067	20
2068	12
2069	13
2070	18
2071	18
2072	6
2073	12
2074	13
2075	8
2076	11
2077	10
2078	11
2079	11
2080	8
2081	8
2082	9
2083	14
2084	6
2085	6
2086	14
2087	9
2088	11
2089	12
2090	9
2091	5
2092	9
2093	7
2094	10
2095	7
2096	4
2097	8
2098	8
2099	11
2100	8
2101	9
2102	12
2103	12
2104	6
2105	14
2106	6
2107	13
2108	3
2109	3
2110	6
2111	9
2112	9
2113	16
2114	7
2115	12
2116	8
2117	6
2118	14
2119	11
2120	3
2121	21
2122	3
2123	5
2124	5
2125	3
2126	6
2127	8
2128	4
2129	5
2130	10
2131	12
2132	5
2133	5
2134	11
2135	3
2136	5
2137	5
2138	9
2139	12
2140	12
2141	10
2142	8
2143	8
2144	8
2145	13
2146	16
2147	12
2148	7
2149	4
2150	10
2151	12
2152	6
2153	8
2154	5
2155	9
2156	12
2157	6
2158	7
2159	10
2160	10
2161	3
2162	6
2163	11
2164	5
2165	8
2166	13
2167	4
2168	6
2169	12
2170	11
2171	11
2172	11
2173	2
2174	5
2175	12
2176	4
2177	8
2178	18
2179	7
2180	12
2181	9
2182	12
2183	8
2184	5
2185	6
2186	8
2187	9
2188	12
2189	9
2190	9
2191	4
2192	7
2193	8
2194	14
2195	7
2196	9
2197	9
2198	7
2199	8
2200	9
2201	17
2202	5
2203	12
2204	4
2205	15
2206	13
2207	13
2208	4
2209	11
2210	9
2211	12
2212	15
2213	9
2214	12
2215	16
2216	5
2217	10
2218	11
2219	8
2220	13
2221	9
2222	8
2223	11
2224	10
2225	11
2226	18
2227	18
2228	19
2229	14
2230	14
2231	9
2232	10
2233	16
2234	11
2235	26
2236	16
2237	20
2238	16
2239	17
2240	21
2241	15
2242	17
2243	17
2244	12
2245	13
2246	12
2247	10
2248	15
2249	24
2250	15
2251	22
2252	17
2253	14
2254	13
2255	21
2256	11
2257	17
2258	16
2259	27
2260	24
2261	10
2262	19
2263	16
2264	13
2265	26
2266	22
2267	24
2268	16
2269	15
2270	14
2271	19
2272	10
2273	16
2274	19
2275	15
2276	17
2277	12
2278	24
2279	17
2280	18
2281	17
2282	13
2283	26
2284	20
2285	24
2286	14
2287	16
2288	12
2289	21
2290	18
2291	16
2292	20
2293	12
2294	25
2295	12
2296	16
2297	21
2298	11
2299	22
2300	25
2301	14
2302	10
2303	14
2304	8
2305	10
2306	16
2307	12
2308	11
2309	8
2310	17
2311	14
2312	12
2313	21
2314	10
2315	5
2316	12
2317	13
2318	10
2319	9
2320	9
2321	9
2322	9
2323	11
2324	7
2325	11
2326	9
2327	11
2328	10
2329	14
2330	10
2331	11
2332	4
2333	9
2334	7
2335	7
2336	3
2337	8
2338	4
2339	10
2340	9
2341	7
2342	8
2343	10
2344	2
2345	5
2346	7
2347	6
2348	7
2349	13
2350	5
2351	5
2352	2
2353	11
2354	4
2355	5
2356	10
2357	4
2358	8
2359	6
2360	3
2361	9
2362	3
2363	8
2364	5
2365	8
2366	3
2367	10
2368	2
2369	4
2370	7
2371	7
2372	8
2373	5
2374	7
2375	4
2376	6
2377	8
2378	0
2379	6
2380	4
2381	5
2382	6
2383	8
2384	3
2385	2
2386	1
2387	5
2388	4
2389	5
2390	9
2391	11
2392	5
2393	9
2394	7
2395	9
2396	5
2397	4
2398	5
2399	2
2400	8
2401	2
2402	5
2403	5
2404	3
2405	6
2406	6
2407	8
2408	9
2409	5
2410	8
2411	4
2412	6
2413	7
2414	14
2415	8
2416	3
2417	3
2418	11
2419	8
2420	5
2421	4
2422	4
2423	6
2424	6
2425	6
2426	3
2427	6
2428	4
2429	2
2430	12
2431	5
2432	5
2433	2
2434	6
2435	5
2436	7
2437	3
2438	7
2439	7
2440	8
2441	7
2442	2
2443	8
2444	8
2445	5
2446	2
2447	5
2448	3
2449	8
2450	6
2451	11
2452	4
2453	2
2454	7
2455	3
2456	5
2457	2
2458	2
2459	8
2460	7
2461	9
2462	5
2463	4
2464	1
2465	7
2466	6
2467	4
2468	7
2469	4
2470	3
2471	5
2472	5
2473	4
2474	3
2475	8
2476	7
2477	6
2478	2
2479	6
2480	4
2481	4
2482	5
2483	4
2484	8
2485	7
2486	6
2487	2
2488	7
2489	10
2490	1
2491	9
2492	8
2493	4
2494	5
2495	2
2496	4
2497	3
2498	13
2499	6
2500	10
2501	5
2502	12
2503	3
2504	9
2505	1
2506	4
2507	10
2508	7
2509	4
2510	5
2511	6
2512	2
2513	8
2514	7
2515	6
2516	8
2517	5
2518	6
2519	4
2520	7
2521	5
2522	6
2523	6
2524	6
2525	5
2526	6
2527	7
2528	8
2529	6
2530	4
2531	5
2532	9
2533	2
2534	6
2535	6
2536	5
2537	9
2538	6
2539	2
2540	7
2541	9
2542	4
2543	8
2544	3
2545	6
2546	2
2547	13
2548	6
2549	4
2550	4
2551	6
2552	6
2553	7
2554	5
2555	5
2556	4
2557	4
2558	7
2559	5
2560	8
2561	4
2562	5
2563	9
2564	8
2565	0
2566	6
2567	6
2568	6
2569	11
2570	8
2571	11
2572	13
2573	13
2574	9
2575	13
2576	7
2577	13
2578	15
2579	10
2580	16
2581	6
2582	8
2583	8
2584	12
2585	18
2586	10
2587	12
2588	4
2589	10
2590	10
2591	10
2592	7
2593	11
2594	12
2595	11
2596	7
2597	9
2598	9
2599	9
2600	2
2601	11
2602	7
2603	9
2604	11
2605	12
2606	13
2607	8
2608	7
2609	14
2610	13
2611	9
2612	2
2613	11
2614	10
2615	13
2616	8
2617	3
2618	10
2619	15
2620	5
2621	5
2622	5
2623	10
2624	5
2625	6
2626	10
2627	4
2628	13
2629	5
2630	6
2631	4
2632	9
2633	15
2634	7
2635	5
2636	12
2637	10
2638	6
2639	5
2640	5
2641	9
2642	4
2643	5
2644	5
2645	3
2646	11
2647	5
2648	8
2649	6
2650	2
2651	2
2652	11
2653	6
2654	6
2655	6
2656	3
2657	9
2658	10
2659	7
2660	6
2661	4
2662	7
2663	9
2664	3
2665	7
2666	7
2667	5
2668	8
2669	3
2670	5
2671	2
2672	6
2673	10
2674	8
2675	4
2676	2
2677	8
2678	11
2679	6
2680	7
2681	5
2682	4
2683	5
2684	2
2685	2
2686	10
2687	2
2688	2
2689	5
2690	7
2691	4
2692	4
2693	3
2694	9
2695	5
2696	4
2697	7
2698	7
2699	8
2700	6
2701	8
2702	9
2703	6
2704	4
2705	8
2706	4
2707	5
2708	5
2709	8
2710	3
2711	5
2712	7
2713	10
2714	3
2715	2
2716	10
2717	5
2718	6
2719	5
2720	0
2721	9
2722	8
2723	5
2724	5
2725	4
2726	6
2727	9
2728	3
2729	5
2730	3
2731	3
2732	5
2733	5
2734	5
2735	7
2736	7
2737	5
2738	3
2739	11
2740	5
2741	3
2742	6
2743	7
2744	5
2745	6
2746	3
2747	3
2748	2
2749	4
2750	7
2751	5
2752	11
2753	3
2754	7
2755	5
2756	7
2757	3
2758	10
2759	2
2760	5
2761	6
2762	4
2763	4
2764	8
2765	8
2766	6
2767	2
2768	9
2769	3
2770	3
2771	6
2772	5
2773	7
2774	5
2775	4
2776	4
2777	7
2778	1
2779	9
2780	2
2781	5
2782	7
2783	5
2784	7
2785	8
2786	4
2787	3
2788	11
2789	0
2790	2
2791	6
2792	7
2793	7
2794	2
2795	6
2796	5
2797	1
2798	6
2799	5
2800	5
2801	4
2802	3
2803	5
2804	6
2805	1
2806	7
2807	2
2808	2
2809	4
2810	4
2811	1
2812	3
2813	4
2814	4
2815	5
2816	2
2817	6
2818	7
2819	5
2820	11
2821	5
2822	2
2823	3
2824	5
2825	6
2826	6
2827	6
2828	5
2829	3
2830	4
2831	0
2832	3
2833	2
2834	3
2835	7
2836	8
2837	2
2838	6
2839	1
2840	7
2841	8
2842	4
2843	5
2844	2
2845	2
2846	6
2847	8
2848	1
2849	6
2850	6
2851	5
2852	5
2853	0
2854	3
2855	2
2856	3
2857	4
2858	5
2859	4
2860	3
2861	5
2862	3
2863	0
2864	5
2865	2
2866	3
2867	2
2868	3
2869	5
2870	0
2871	2
2872	6
2873	7
2874	3
2875	7
2876	4
2877	6
2878	6
2879	7
2880	5
2881	5
2882	5
2883	4
2884	7
2885	2
2886	4
2887	3
2888	5
2889	6
2890	5
2891	4
2892	3
2893	3
2894	10
2895	4
2896	5
2897	5
2898	5
2899	4
2900	5
2901	2
2902	7
2903	5
2904	2
2905	10
2906	4
2907	2
2908	5
2909	6
2910	6
2911	2
2912	4
2913	3
2914	10
2915	5
2916	6
2917	4
2918	6
2919	8
2920	5
2921	8
2922	6
2923	1
2924	6
2925	5
2926	5
2927	3
2928	3
2929	6
2930	7
2931	3
2932	2
2933	4
2934	5
2935	10
2936	3
2937	7
2938	3
2939	10
2940	5
2941	2
2942	6
2943	7
2944	3
2945	5
2946	3
2947	7
2948	8
2949	5
2950	5
2951	3
2952	7
2953	5
2954	9
2955	5
2956	9
2957	4
2958	6
2959	1
2960	6
2961	7
2962	1
2963	6
2964	4
2965	1
2966	10
2967	1
2968	3
2969	3
2970	4
2971	5
2972	3
2973	4
2974	5
2975	3
2976	7
2977	5
2978	6
2979	6
2980	6
2981	4
2982	8
2983	5
2984	6
2985	10
2986	0
2987	6
2988	12
2989	1
2990	6
2991	4
2992	3
2993	8
2994	7
2995	4
2996	4
2997	2
2998	4
2999	1
3000	4
3001	8
3002	7
3003	6
3004	6
3005	5
3006	9
3007	3
3008	2
3009	6
3010	4
3011	3
3012	4
3013	4
3014	4
3015	5
3016	2
3017	8
3018	1
3019	1
3020	7
3021	0
3022	3
3023	2
3024	3
3025	6
3026	7
3027	7
3028	4
3029	3
3030	5
3031	5
3032	5
3033	4
3034	4
3035	5
3036	4
3037	6
3038	3
3039	4
3040	4
3041	3
3042	3
3043	2
3044	6
3045	2
3046	5
3047	7
3048	4
3049	6
3050	3
3051	3
3052	8
3053	5
3054	1
3055	2
3056	3
3057	5
3058	4
3059	3
3060	3
3061	3
3062	5
3063	8
3064	3
3065	4
3066	7
3067	6
3068	4
3069	2
3070	4
3071	1
3072	4
3073	5
3074	3
3075	2
3076	6
3077	2
3078	6
3079	2
3080	4
3081	2
3082	4
3083	4
3084	5
3085	5
3086	4
3087	3
3088	3
3089	6
3090	2
3091	8
3092	1
3093	3
3094	3
3095	4
3096	3
3097	3
3098	2
3099	3
3100	2
3101	5
3102	6
3103	2
3104	4
3105	3
3106	2
3107	2
3108	4
3109	8
3110	5
3111	4
3112	3
3113	5
3114	3
3115	4
3116	7
3117	7
3118	2
3119	3
3120	4
3121	7
3122	2
3123	4
3124	3
3125	4
3126	3
3127	4
3128	2
3129	6
3130	1
3131	3
3132	4
3133	3
3134	2
3135	7
3136	6
3137	6
3138	4
3139	2
3140	5
3141	0
3142	1
3143	5
3144	1
3145	5
3146	2
3147	8
3148	6
3149	5
3150	0
3151	4
3152	4
3153	6
3154	2
3155	1
3156	4
3157	2
3158	6
3159	1
3160	5
3161	5
3162	3
3163	1
3164	0
3165	6
3166	7
3167	5
3168	5
3169	4
3170	1
3171	1
3172	8
3173	4
3174	8
3175	1
3176	3
3177	4
3178	4
3179	0
3180	3
3181	6
3182	6
3183	1
3184	3
3185	3
3186	6
3187	2
3188	2
3189	0
3190	2
3191	1
3192	3
3193	6
3194	1
3195	1
3196	2
3197	6
3198	3
3199	5
3200	7
3201	0
3202	5
3203	3
3204	5
3205	1
3206	6
3207	5
3208	7
3209	2
3210	3
3211	1
3212	5
3213	4
3214	2
3215	1
3216	1
3217	5
3218	6
3219	3
3220	5
3221	3
3222	6
3223	4
3224	4
3225	2
3226	1
3227	1
3228	0
3229	1
3230	5
3231	4
3232	3
3233	2
3234	1
3235	3
3236	6
3237	6
3238	5
3239	0
3240	3
3241	2
3242	1
3243	7
3244	2
3245	4
3246	1
3247	4
3248	3
3249	5
3250	1
3251	1
3252	7
3253	2
3254	3
3255	3
3256	1
3257	5
3258	4
3259	2
3260	4
3261	5
3262	4
3263	1
3264	2
3265	4
3266	4
3267	4
3268	4
3269	3
3270	4
3271	0
3272	5
3273	1
3274	1
3275	4
3276	5
3277	3
3278	1
3279	3
3280	1
3281	2
3282	3
3283	4
3284	3
3285	5
3286	4
3287	0
3288	3
3289	6
3290	1
3291	1
3292	5
3293	5
3294	1
3295	2
3296	2
3297	7
3298	3
3299	3
3300	5
3301	4
3302	4
3303	6
3304	3
3305	3
3306	1
3307	3
3308	7
3309	2
3310	1
3311	2
3312	2
3313	4
3314	9
3315	6
3316	3
3317	8
3318	3
3319	1
3320	0
3321	5
3322	2
3323	2
3324	7
3325	2
3326	3
3327	3
3328	4
3329	4
3330	7
3331	2
3332	3
3333	4
3334	4
3335	2
3336	4
3337	2
3338	4
3339	9
3340	2
3341	5
3342	5
3343	4
3344	4
3345	2
3346	1
3347	6
3348	5
3349	1
3350	5
3351	2
3352	2
3353	3
3354	5
3355	6
3356	2
3357	1
3358	3
3359	0
3360	3
3361	1
3362	2
3363	8
3364	6
3365	0
3366	4
3367	3
3368	1
3369	6
3370	0
3371	2
3372	3
3373	0
3374	2
3375	2
3376	2
3377	3
3378	1
3379	6
3380	6
3381	2
3382	6
3383	5
3384	3
3385	4
3386	0
3387	1
3388	2
3389	2
3390	1
3391	4
3392	2
3393	0
3394	1
3395	1
3396	6
3397	4
3398	1
3399	1
3400	2
3401	3
3402	4
3403	3
3404	4
3405	3
3406	3
3407	4
3408	0
3409	2
3410	5
3411	3
3412	3
3413	4
3414	2
3415	1
3416	1
3417	4
3418	6
3419	5
3420	1
3421	4
3422	0
3423	1
3424	2
3425	3
3426	6
3427	4
3428	0
3429	5
3430	1
3431	3
3432	3
3433	5
3434	6
3435	1
3436	4
3437	3
3438	3
3439	4
3440	5
3441	1
3442	4
3443	6
3444	1
3445	2
3446	6
3447	1
3448	3
3449	8
3450	3
3451	1
3452	2
3453	3
3454	2
3455	1
3456	3
3457	1
3458	3
3459	0
3460	1
3461	2
3462	5
3463	1
3464	2
3465	1
3466	1
3467	1
3468	6
3469	2
3470	5
3471	2
3472	2
3473	5
3474	0
3475	7
3476	4
3477	2
3478	2
3479	3
3480	2
3481	2
3482	2
3483	3
3484	1
3485	2
3486	6
3487	1
3488	2
3489	0
3490	1
3491	4
3492	0
3493	4
3494	7
3495	1
3496	1
3497	2
3498	2
3499	2
3500	0
3501	1
3502	4
3503	1
3504	4
3505	3
3506	1
3507	4
3508	0
3509	1
3510	2
3511	0
3512	1
3513	5
3514	1
3515	6
3516	5
3517	2
3518	2
3519	1
3520	3
3521	2
3522	3
3523	1
3524	1
3525	1
3526	0
3527	2
3528	0
3529	5
3530	2
3531	2
3532	2
3533	1
3534	3
3535	2
3536	2
3537	3
3538	2
3539	1
3540	3
3541	2
3542	6
3543	1
3544	0
3545	1
3546	3
3547	3
3548	1
3549	1
3550	2
3551	2
3552	2
3553	2
3554	1
3555	0
3556	2
3557	1
3558	2
3559	0
3560	1
3561	3
3562	2
3563	1
3564	2
3565	2
3566	0
3567	2
3568	1
3569	2
3570	2
3571	0
3572	1
3573	3
3574	2
3575	1
3576	3
3577	1
3578	0
3579	2
3580	2
3581	4
3582	5
3583	3
3584	2
3585	2
3586	1
3587	0
3588	3
3589	1
3590	3
3591	0
3592	1
3593	2
3594	3
3595	3
3596	1
3597	6
3598	1
3599	2
3600	3
3601	3
3602	0
3603	0
3604	2
3605	1
3606	1
3607	2
3608	3
3609	3
3610	0
3611	3
3612	2
3613	5
3614	2
3615	2
3616	1
3617	6
3618	2
3619	2
3620	5
3621	0
3622	0
3623	1
3624	2
3625	3
3626	1
3627	1
3628	3
3629	4
3630	1
3631	2
3632	0
3633	2
3634	1
3635	3
3636	0
3637	0
3638	2
3639	4
3640	1
3641	1
3642	0
3643	3
3644	1
3645	3
3646	1
3647	1
3648	1
3649	0
3650	0
3651	1
3652	3
3653	4
3654	0
3655	0
3656	0
3657	2
3658	0
3659	2
3660	3
3661	2
3662	0
3663	1
3664	1
3665	2
3666	3
3667	1
3668	3
3669	1
3670	2
3671	0
3672	2
3673	0
3674	1
3675	2
3676	1
3677	0
3678	5
3679	0
3680	0
3681	1
3682	1
3683	0
3684	1
3685	1
3686	0
3687	0
3688	0
3689	1
3690	1
3691	4
3692	2
3693	5
3694	3
3695	1
3696	0
3697	3
3698	0
3699	0
3700	2
3701	3
3702	4
3703	2
3704	3
3705	2
3706	0
3707	1
3708	0
3709	1
3710	2
3711	1
3712	0
3713	2
3714	1
3715	0
3716	5
3717	1
3718	5
3719	0
3720	1
3721	0
3722	1
3723	2
3724	2
3725	2
3726	0
3727	1
3728	2
3729	1
3730	1
3731	0
3732	0
3733	1
3734	1
3735	1
3736	1
3737	1
3738	2
3739	1
3740	2
3741	2
3742	1
3743	2
3744	2
3745	0
3746	2
3747	1
3748	2
3749	0
3750	0
3751	0
3752	0
3753	0
3754	0
3755	0
3756	0
3757	1
3758	0
3759	1
3760	2
3761	0
3762	0
3763	2
3764	1
3765	1
3766	1
3767	0
3768	1
3769	2
3770	0
3771	0
3772	1
3773	1
3774	1
3775	0
3776	2
3777	1
3778	1
3779	1
3780	1
3781	0
3782	2
3783	0
3784	0
3785	4
3786	0
3787	2
3788	4
3789	1
3790	1
3791	2
3792	1
3793	0
3794	2
3795	0
3796	1
3797	1
3798	0
3799	0
3800	3
3801	0
3802	2
3803	3
3804	1
3805	3
3806	0
3807	2
3808	0
3809	0
3810	0
3811	0
3812	1
3813	2
3814	1
3815	0
3816	1
3817	0
3818	0
3819	1
3820	1
3821	0
3822	0
3823	0
3824	0
3825	0
3826	2
3827	3
3828	1
3829	1
3830	1
3831	0
3832	0
3833	1
3834	0
3835	0
3836	2
3837	1
3838	0
3839	0
3840	1
3841	1
3842	2
3843	0
3844	1
3845	0
3846	0
3847	0
3848	0
3849	0
3850	0
3851	1
3852	2
3853	0
3854	1
3855	0
3856	1
3857	1
3858	1
3859	1
3860	0
3861	2
3862	1
3863	0
3864	0
3865	2
3866	0
3867	1
3868	4
3869	0
3870	0
3871	1
3872	0
3873	0
3874	0
3875	1
3876	3
3877	0
3878	1
3879	0
3880	1
3881	0
3882	0
3883	0
3884	0
3885	0
3886	1
3887	1
3888	1
3889	2
3890	0
3891	0
3892	4
3893	0
3894	1
3895	0
3896	0
3897	0
3898	0
3899	1
3900	0
3901	3
3902	0
3903	2
3904	1
3905	0
3906	1
3907	0
3908	1
3909	0
3910	0
3911	1
3912	1
3913	0
3914	0
3915	0
3916	2
3917	0
3918	0
3919	2
3920	0
3921	1
3922	1
3923	0
3924	1
3925	0
3926	1
3927	0
3928	2
3929	0
3930	0
3931	0
3932	1
3933	0
3934	0
3935	0
3936	1
3937	0
3938	0
3939	0
3940	0
3941	0
3942	0
3943	0
3944	1
3945	0
3946	0
3947	0
3948	1
3949	0
3950	0
3951	1
3952	0
3953	0
3954	1
3955	1
3956	0
3957	0
3958	0
3959	0
3960	0
3961	0
3962	0
3963	0
3964	1
3965	0
3966	0
3967	0
3968	0
3969	0
3970	1
3971	0
3972	0
3973	0
3974	0
3975	0
3976	0
3977	0
3978	0
3979	0
3980	1
3981	0
3982	0
3983	0
3984	0
3985	0
3986	1
3987	0
3988	0
3989	0
3990	0
3991	0
3992	0
3993	0
3994	0
3995	0
3996	0
3997	0
3998	0
3999	2
4000	1
