Channel number	Impulses
Channel/#	Impulses/#

0	0
1	0
2	0
3	0
4	0
5	0
6	0
7	0
8	0
9	0
10	0
11	0
12	0
13	0
14	0
15	0
16	0
17	0
18	0
19	0
20	0
21	0
22	0
23	0
24	0
25	0
26	0
27	0
28	0
29	0
30	0
31	0
32	0
33	0
34	0
35	0
36	0
37	0
38	0
39	0
40	0
41	0
42	0
43	0
44	0
45	0
46	0
47	0
48	0
49	1
50	0
51	0
52	1
53	1
54	2
55	3
56	2
57	2
58	5
59	4
60	0
61	3
62	6
63	4
64	0
65	4
66	4
67	6
68	5
69	4
70	4
71	3
72	3
73	8
74	2
75	2
76	4
77	8
78	4
79	8
80	3
81	4
82	2
83	5
84	3
85	2
86	7
87	5
88	5
89	2
90	0
91	4
92	5
93	4
94	4
95	4
96	4
97	4
98	0
99	3
100	4
101	5
102	3
103	2
104	4
105	5
106	2
107	4
108	4
109	3
110	3
111	2
112	3
113	4
114	4
115	4
116	2
117	6
118	4
119	6
120	5
121	3
122	2
123	3
124	6
125	2
126	1
127	7
128	1
129	1
130	0
131	4
132	3
133	2
134	1
135	2
136	1
137	2
138	5
139	2
140	1
141	1
142	4
143	2
144	6
145	4
146	5
147	6
148	4
149	6
150	2
151	3
152	2
153	6
154	0
155	3
156	4
157	2
158	3
159	4
160	0
161	3
162	1
163	2
164	2
165	1
166	7
167	2
168	0
169	3
170	2
171	6
172	1
173	1
174	4
175	4
176	1
177	3
178	2
179	3
180	2
181	3
182	1
183	4
184	1
185	5
186	1
187	1
188	2
189	2
190	4
191	1
192	4
193	5
194	2
195	6
196	3
197	1
198	2
199	0
200	2
201	3
202	0
203	3
204	3
205	3
206	6
207	0
208	2
209	3
210	0
211	2
212	6
213	4
214	4
215	2
216	3
217	3
218	1
219	2
220	1
221	6
222	2
223	1
224	1
225	3
226	2
227	3
228	3
229	1
230	1
231	2
232	1
233	1
234	5
235	1
236	1
237	1
238	2
239	2
240	1
241	2
242	2
243	1
244	2
245	2
246	5
247	0
248	4
249	2
250	3
251	1
252	0
253	3
254	2
255	1
256	1
257	2
258	1
259	1
260	2
261	1
262	3
263	1
264	0
265	2
266	1
267	1
268	1
269	2
270	3
271	3
272	0
273	3
274	2
275	0
276	3
277	2
278	3
279	2
280	2
281	2
282	3
283	0
284	0
285	3
286	0
287	0
288	4
289	1
290	2
291	1
292	5
293	2
294	0
295	2
296	2
297	3
298	3
299	1
300	1
301	2
302	3
303	4
304	0
305	4
306	1
307	4
308	3
309	0
310	2
311	2
312	2
313	3
314	1
315	3
316	0
317	2
318	0
319	2
320	0
321	0
322	2
323	1
324	1
325	4
326	0
327	2
328	3
329	4
330	0
331	1
332	2
333	2
334	0
335	3
336	0
337	2
338	2
339	3
340	3
341	2
342	3
343	3
344	1
345	2
346	1
347	1
348	2
349	2
350	4
351	1
352	2
353	0
354	0
355	0
356	3
357	3
358	0
359	1
360	0
361	2
362	3
363	1
364	0
365	1
366	2
367	2
368	2
369	4
370	1
371	2
372	3
373	2
374	2
375	1
376	2
377	0
378	1
379	0
380	2
381	3
382	3
383	3
384	2
385	1
386	1
387	2
388	1
389	0
390	1
391	5
392	3
393	4
394	1
395	0
396	1
397	1
398	1
399	6
400	3
401	2
402	0
403	3
404	2
405	3
406	1
407	0
408	3
409	1
410	2
411	0
412	1
413	1
414	2
415	3
416	3
417	1
418	1
419	3
420	1
421	3
422	0
423	0
424	2
425	0
426	1
427	1
428	0
429	5
430	2
431	0
432	1
433	1
434	4
435	0
436	3
437	1
438	2
439	3
440	2
441	1
442	4
443	0
444	2
445	1
446	2
447	2
448	0
449	1
450	0
451	0
452	1
453	0
454	4
455	0
456	1
457	1
458	2
459	2
460	3
461	1
462	0
463	3
464	4
465	3
466	2
467	0
468	2
469	0
470	2
471	3
472	2
473	1
474	5
475	3
476	0
477	2
478	0
479	2
480	0
481	0
482	0
483	3
484	0
485	0
486	2
487	1
488	3
489	0
490	1
491	0
492	1
493	1
494	1
495	0
496	0
497	1
498	1
499	0
500	2
501	0
502	0
503	3
504	0
505	2
506	1
507	1
508	0
509	1
510	0
511	3
512	0
513	0
514	1
515	2
516	0
517	2
518	4
519	3
520	1
521	2
522	0
523	1
524	3
525	3
526	3
527	2
528	1
529	1
530	0
531	0
532	0
533	3
534	0
535	2
536	3
537	2
538	2
539	2
540	1
541	1
542	2
543	1
544	0
545	2
546	1
547	2
548	2
549	0
550	1
551	1
552	0
553	1
554	1
555	0
556	1
557	3
558	1
559	1
560	1
561	0
562	1
563	1
564	1
565	1
566	2
567	2
568	0
569	0
570	0
571	0
572	3
573	0
574	3
575	2
576	1
577	0
578	1
579	1
580	2
581	1
582	0
583	1
584	1
585	1
586	0
587	2
588	1
589	2
590	1
591	0
592	1
593	1
594	0
595	2
596	0
597	1
598	0
599	0
600	0
601	2
602	1
603	0
604	0
605	2
606	0
607	0
608	0
609	1
610	2
611	2
612	1
613	1
614	2
615	0
616	0
617	3
618	0
619	0
620	1
621	0
622	3
623	0
624	2
625	0
626	3
627	1
628	1
629	3
630	1
631	0
632	1
633	1
634	3
635	1
636	0
637	0
638	4
639	3
640	0
641	0
642	1
643	1
644	0
645	1
646	1
647	2
648	1
649	1
650	2
651	1
652	1
653	2
654	1
655	3
656	2
657	0
658	1
659	0
660	0
661	0
662	3
663	1
664	3
665	1
666	1
667	1
668	1
669	0
670	0
671	2
672	1
673	1
674	0
675	1
676	0
677	0
678	0
679	0
680	2
681	1
682	0
683	0
684	3
685	1
686	1
687	3
688	1
689	0
690	1
691	2
692	3
693	1
694	2
695	0
696	2
697	1
698	0
699	0
700	2
701	1
702	0
703	2
704	0
705	0
706	1
707	1
708	5
709	3
710	2
711	0
712	0
713	1
714	0
715	1
716	0
717	2
718	1
719	1
720	2
721	1
722	2
723	1
724	0
725	1
726	1
727	0
728	2
729	1
730	3
731	3
732	0
733	1
734	1
735	1
736	2
737	0
738	2
739	0
740	0
741	0
742	1
743	1
744	0
745	1
746	2
747	2
748	1
749	5
750	0
751	3
752	3
753	2
754	1
755	4
756	1
757	1
758	0
759	0
760	1
761	0
762	1
763	2
764	4
765	4
766	1
767	2
768	3
769	1
770	2
771	1
772	2
773	0
774	3
775	1
776	1
777	0
778	0
779	3
780	1
781	0
782	2
783	1
784	2
785	0
786	1
787	0
788	2
789	0
790	1
791	0
792	5
793	2
794	1
795	2
796	0
797	2
798	0
799	2
800	3
801	1
802	6
803	0
804	1
805	1
806	2
807	1
808	1
809	2
810	2
811	2
812	4
813	1
814	3
815	2
816	2
817	1
818	2
819	1
820	3
821	3
822	3
823	0
824	1
825	1
826	1
827	1
828	1
829	0
830	2
831	4
832	0
833	2
834	2
835	3
836	3
837	2
838	2
839	2
840	1
841	2
842	3
843	1
844	0
845	1
846	3
847	2
848	2
849	0
850	1
851	1
852	2
853	1
854	5
855	2
856	1
857	2
858	3
859	1
860	4
861	1
862	1
863	2
864	0
865	3
866	6
867	4
868	1
869	1
870	4
871	6
872	3
873	2
874	1
875	3
876	4
877	6
878	4
879	5
880	2
881	3
882	1
883	0
884	1
885	4
886	3
887	4
888	3
889	0
890	5
891	3
892	2
893	2
894	1
895	4
896	1
897	2
898	6
899	3
900	2
901	2
902	5
903	1
904	1
905	1
906	4
907	3
908	1
909	3
910	3
911	1
912	1
913	2
914	4
915	4
916	1
917	1
918	2
919	0
920	3
921	1
922	2
923	2
924	0
925	1
926	1
927	3
928	0
929	2
930	5
931	0
932	4
933	2
934	2
935	0
936	1
937	3
938	1
939	1
940	1
941	2
942	2
943	2
944	1
945	0
946	0
947	0
948	2
949	3
950	2
951	2
952	2
953	0
954	3
955	3
956	3
957	4
958	1
959	2
960	0
961	0
962	0
963	1
964	4
965	1
966	2
967	1
968	1
969	3
970	2
971	1
972	1
973	1
974	2
975	5
976	1
977	1
978	1
979	3
980	3
981	0
982	5
983	1
984	4
985	1
986	1
987	0
988	4
989	1
990	3
991	2
992	0
993	0
994	2
995	2
996	3
997	2
998	1
999	1
1000	2
1001	1
1002	1
1003	0
1004	0
1005	1
1006	3
1007	3
1008	4
1009	2
1010	1
1011	3
1012	0
1013	3
1014	2
1015	0
1016	3
1017	1
1018	1
1019	3
1020	3
1021	0
1022	1
1023	2
1024	1
1025	2
1026	1
1027	3
1028	0
1029	3
1030	3
1031	3
1032	1
1033	2
1034	2
1035	1
1036	1
1037	2
1038	0
1039	7
1040	0
1041	2
1042	4
1043	1
1044	2
1045	7
1046	1
1047	0
1048	1
1049	3
1050	3
1051	2
1052	3
1053	1
1054	1
1055	3
1056	2
1057	1
1058	7
1059	4
1060	2
1061	2
1062	4
1063	3
1064	3
1065	5
1066	1
1067	3
1068	2
1069	3
1070	3
1071	4
1072	2
1073	2
1074	5
1075	0
1076	3
1077	3
1078	4
1079	3
1080	3
1081	2
1082	5
1083	5
1084	4
1085	4
1086	3
1087	6
1088	1
1089	5
1090	1
1091	3
1092	6
1093	1
1094	4
1095	1
1096	2
1097	5
1098	2
1099	1
1100	3
1101	3
1102	2
1103	4
1104	0
1105	5
1106	1
1107	5
1108	2
1109	2
1110	3
1111	2
1112	5
1113	2
1114	2
1115	4
1116	2
1117	2
1118	4
1119	4
1120	1
1121	6
1122	4
1123	1
1124	2
1125	0
1126	4
1127	3
1128	1
1129	0
1130	2
1131	1
1132	4
1133	1
1134	3
1135	3
1136	3
1137	4
1138	1
1139	3
1140	4
1141	5
1142	1
1143	2
1144	2
1145	4
1146	3
1147	3
1148	2
1149	1
1150	3
1151	3
1152	1
1153	3
1154	5
1155	3
1156	3
1157	3
1158	0
1159	4
1160	4
1161	5
1162	3
1163	2
1164	3
1165	2
1166	2
1167	2
1168	3
1169	6
1170	3
1171	5
1172	5
1173	0
1174	3
1175	2
1176	3
1177	2
1178	3
1179	4
1180	3
1181	2
1182	4
1183	9
1184	2
1185	3
1186	1
1187	0
1188	4
1189	3
1190	0
1191	5
1192	0
1193	6
1194	3
1195	3
1196	1
1197	1
1198	2
1199	2
1200	6
1201	1
1202	3
1203	4
1204	4
1205	5
1206	4
1207	4
1208	2
1209	2
1210	4
1211	5
1212	4
1213	2
1214	1
1215	4
1216	2
1217	3
1218	5
1219	3
1220	3
1221	4
1222	4
1223	0
1224	4
1225	4
1226	2
1227	4
1228	5
1229	5
1230	2
1231	4
1232	2
1233	2
1234	4
1235	1
1236	5
1237	2
1238	2
1239	7
1240	3
1241	3
1242	5
1243	2
1244	5
1245	9
1246	2
1247	6
1248	3
1249	4
1250	5
1251	2
1252	5
1253	1
1254	4
1255	3
1256	5
1257	3
1258	5
1259	3
1260	2
1261	2
1262	5
1263	2
1264	1
1265	4
1266	1
1267	4
1268	6
1269	4
1270	9
1271	4
1272	4
1273	3
1274	2
1275	5
1276	4
1277	3
1278	5
1279	5
1280	0
1281	5
1282	2
1283	4
1284	3
1285	6
1286	7
1287	6
1288	6
1289	5
1290	1
1291	5
1292	7
1293	8
1294	5
1295	4
1296	9
1297	9
1298	2
1299	3
1300	9
1301	5
1302	5
1303	5
1304	3
1305	4
1306	6
1307	5
1308	3
1309	3
1310	5
1311	6
1312	4
1313	5
1314	8
1315	5
1316	3
1317	6
1318	4
1319	4
1320	1
1321	1
1322	3
1323	6
1324	10
1325	3
1326	7
1327	2
1328	5
1329	8
1330	3
1331	2
1332	6
1333	5
1334	6
1335	3
1336	2
1337	3
1338	4
1339	1
1340	5
1341	4
1342	1
1343	4
1344	2
1345	4
1346	6
1347	4
1348	6
1349	1
1350	7
1351	1
1352	3
1353	2
1354	3
1355	4
1356	3
1357	6
1358	2
1359	2
1360	3
1361	6
1362	2
1363	7
1364	4
1365	5
1366	9
1367	3
1368	2
1369	8
1370	3
1371	5
1372	4
1373	5
1374	3
1375	8
1376	2
1377	2
1378	3
1379	7
1380	1
1381	6
1382	3
1383	5
1384	6
1385	6
1386	6
1387	3
1388	4
1389	3
1390	4
1391	10
1392	3
1393	3
1394	4
1395	3
1396	3
1397	4
1398	7
1399	5
1400	2
1401	11
1402	1
1403	6
1404	7
1405	4
1406	6
1407	4
1408	0
1409	1
1410	1
1411	6
1412	4
1413	4
1414	6
1415	3
1416	7
1417	6
1418	2
1419	1
1420	6
1421	5
1422	4
1423	3
1424	5
1425	6
1426	6
1427	4
1428	3
1429	2
1430	5
1431	5
1432	2
1433	5
1434	5
1435	8
1436	6
1437	2
1438	5
1439	7
1440	6
1441	1
1442	4
1443	4
1444	6
1445	4
1446	7
1447	6
1448	4
1449	3
1450	5
1451	4
1452	12
1453	7
1454	4
1455	4
1456	6
1457	3
1458	4
1459	6
1460	4
1461	3
1462	4
1463	6
1464	6
1465	5
1466	7
1467	8
1468	1
1469	4
1470	10
1471	2
1472	8
1473	3
1474	3
1475	9
1476	8
1477	2
1478	4
1479	5
1480	6
1481	1
1482	7
1483	3
1484	5
1485	5
1486	5
1487	3
1488	3
1489	1
1490	4
1491	10
1492	7
1493	6
1494	9
1495	2
1496	2
1497	4
1498	7
1499	6
1500	5
1501	6
1502	5
1503	6
1504	5
1505	1
1506	8
1507	3
1508	3
1509	5
1510	8
1511	5
1512	6
1513	3
1514	7
1515	6
1516	3
1517	4
1518	8
1519	6
1520	6
1521	2
1522	6
1523	6
1524	6
1525	6
1526	6
1527	3
1528	6
1529	4
1530	4
1531	3
1532	5
1533	1
1534	12
1535	18
1536	2
1537	4
1538	7
1539	5
1540	6
1541	4
1542	6
1543	7
1544	14
1545	5
1546	5
1547	1
1548	9
1549	5
1550	4
1551	6
1552	1
1553	2
1554	4
1555	5
1556	5
1557	3
1558	4
1559	1
1560	7
1561	8
1562	5
1563	4
1564	5
1565	4
1566	4
1567	7
1568	11
1569	6
1570	5
1571	4
1572	7
1573	3
1574	6
1575	5
1576	2
1577	5
1578	6
1579	6
1580	7
1581	4
1582	5
1583	10
1584	2
1585	5
1586	9
1587	7
1588	3
1589	3
1590	8
1591	7
1592	5
1593	8
1594	5
1595	9
1596	10
1597	7
1598	3
1599	6
1600	3
1601	7
1602	7
1603	6
1604	5
1605	4
1606	11
1607	2
1608	8
1609	2
1610	6
1611	5
1612	5
1613	5
1614	9
1615	7
1616	7
1617	5
1618	8
1619	5
1620	6
1621	5
1622	3
1623	7
1624	3
1625	7
1626	3
1627	5
1628	6
1629	3
1630	10
1631	7
1632	5
1633	8
1634	4
1635	10
1636	8
1637	4
1638	13
1639	6
1640	10
1641	8
1642	10
1643	3
1644	11
1645	10
1646	7
1647	7
1648	1
1649	1
1650	5
1651	10
1652	4
1653	2
1654	8
1655	5
1656	5
1657	5
1658	5
1659	8
1660	10
1661	2
1662	4
1663	10
1664	5
1665	5
1666	5
1667	6
1668	7
1669	4
1670	6
1671	5
1672	6
1673	8
1674	4
1675	6
1676	5
1677	6
1678	2
1679	5
1680	4
1681	6
1682	7
1683	5
1684	3
1685	10
1686	9
1687	4
1688	2
1689	9
1690	4
1691	8
1692	5
1693	6
1694	10
1695	13
1696	8
1697	4
1698	3
1699	9
1700	9
1701	6
1702	6
1703	6
1704	3
1705	4
1706	6
1707	8
1708	10
1709	8
1710	5
1711	8
1712	15
1713	7
1714	2
1715	13
1716	6
1717	4
1718	7
1719	10
1720	5
1721	11
1722	7
1723	3
1724	11
1725	7
1726	7
1727	7
1728	4
1729	4
1730	6
1731	6
1732	10
1733	7
1734	8
1735	4
1736	13
1737	7
1738	7
1739	4
1740	7
1741	7
1742	5
1743	7
1744	8
1745	5
1746	9
1747	8
1748	10
1749	4
1750	9
1751	9
1752	3
1753	3
1754	8
1755	13
1756	9
1757	10
1758	11
1759	12
1760	6
1761	7
1762	5
1763	5
1764	8
1765	6
1766	6
1767	6
1768	6
1769	13
1770	7
1771	3
1772	6
1773	9
1774	6
1775	8
1776	11
1777	5
1778	7
1779	10
1780	11
1781	5
1782	13
1783	2
1784	4
1785	13
1786	5
1787	12
1788	10
1789	5
1790	4
1791	10
1792	5
1793	10
1794	8
1795	5
1796	13
1797	3
1798	9
1799	6
1800	4
1801	6
1802	5
1803	7
1804	8
1805	10
1806	11
1807	4
1808	7
1809	7
1810	6
1811	8
1812	6
1813	7
1814	7
1815	9
1816	9
1817	5
1818	6
1819	9
1820	10
1821	15
1822	5
1823	8
1824	7
1825	7
1826	11
1827	4
1828	6
1829	6
1830	14
1831	10
1832	11
1833	7
1834	11
1835	5
1836	8
1837	5
1838	13
1839	4
1840	11
1841	7
1842	6
1843	8
1844	11
1845	2
1846	11
1847	8
1848	11
1849	9
1850	4
1851	8
1852	9
1853	6
1854	10
1855	11
1856	7
1857	10
1858	11
1859	3
1860	10
1861	9
1862	11
1863	6
1864	10
1865	14
1866	6
1867	11
1868	9
1869	10
1870	12
1871	6
1872	14
1873	5
1874	8
1875	13
1876	10
1877	9
1878	14
1879	8
1880	14
1881	10
1882	4
1883	9
1884	16
1885	8
1886	8
1887	9
1888	13
1889	13
1890	11
1891	10
1892	10
1893	6
1894	12
1895	12
1896	11
1897	8
1898	11
1899	8
1900	16
1901	11
1902	12
1903	6
1904	11
1905	10
1906	6
1907	12
1908	8
1909	7
1910	9
1911	6
1912	12
1913	12
1914	11
1915	10
1916	6
1917	7
1918	10
1919	11
1920	7
1921	11
1922	14
1923	12
1924	20
1925	9
1926	15
1927	8
1928	10
1929	13
1930	8
1931	13
1932	16
1933	14
1934	19
1935	17
1936	20
1937	14
1938	17
1939	16
1940	26
1941	21
1942	18
1943	15
1944	21
1945	23
1946	18
1947	26
1948	24
1949	20
1950	30
1951	26
1952	22
1953	17
1954	23
1955	27
1956	25
1957	18
1958	36
1959	28
1960	27
1961	45
1962	17
1963	32
1964	36
1965	31
1966	34
1967	28
1968	45
1969	25
1970	47
1971	41
1972	30
1973	20
1974	40
1975	39
1976	42
1977	38
1978	46
1979	37
1980	42
1981	47
1982	47
1983	32
1984	45
1985	38
1986	42
1987	47
1988	66
1989	29
1990	56
1991	36
1992	52
1993	62
1994	46
1995	45
1996	59
1997	40
1998	49
1999	36
2000	40
2001	34
2002	43
2003	55
2004	61
2005	39
2006	55
2007	18
2008	47
2009	54
2010	28
2011	42
2012	41
2013	36
2014	36
2015	39
2016	44
2017	42
2018	44
2019	32
2020	56
2021	35
2022	52
2023	29
2024	33
2025	40
2026	32
2027	37
2028	44
2029	32
2030	28
2031	26
2032	31
2033	21
2034	33
2035	34
2036	30
2037	20
2038	34
2039	20
2040	23
2041	35
2042	19
2043	22
2044	12
2045	27
2046	20
2047	20
2048	15
2049	18
2050	28
2051	26
2052	15
2053	3
2054	17
2055	21
2056	16
2057	19
2058	9
2059	23
2060	13
2061	10
2062	18
2063	16
2064	10
2065	11
2066	17
2067	15
2068	8
2069	8
2070	10
2071	9
2072	4
2073	8
2074	9
2075	3
2076	5
2077	8
2078	6
2079	7
2080	4
2081	5
2082	5
2083	12
2084	4
2085	5
2086	13
2087	8
2088	7
2089	10
2090	6
2091	7
2092	7
2093	6
2094	6
2095	5
2096	7
2097	7
2098	3
2099	11
2100	4
2101	6
2102	8
2103	7
2104	6
2105	9
2106	3
2107	8
2108	5
2109	6
2110	6
2111	7
2112	2
2113	7
2114	7
2115	7
2116	8
2117	3
2118	9
2119	8
2120	4
2121	7
2122	5
2123	5
2124	13
2125	4
2126	5
2127	6
2128	5
2129	7
2130	11
2131	6
2132	8
2133	11
2134	9
2135	3
2136	4
2137	7
2138	4
2139	9
2140	6
2141	3
2142	3
2143	17
2144	12
2145	5
2146	8
2147	8
2148	10
2149	8
2150	7
2151	4
2152	6
2153	3
2154	2
2155	6
2156	14
2157	5
2158	9
2159	9
2160	7
2161	7
2162	6
2163	5
2164	4
2165	6
2166	6
2167	5
2168	6
2169	6
2170	3
2171	6
2172	12
2173	7
2174	6
2175	5
2176	9
2177	9
2178	7
2179	7
2180	4
2181	8
2182	10
2183	7
2184	10
2185	16
2186	5
2187	8
2188	11
2189	7
2190	8
2191	8
2192	2
2193	11
2194	13
2195	10
2196	7
2197	6
2198	9
2199	4
2200	4
2201	11
2202	6
2203	12
2204	14
2205	9
2206	8
2207	19
2208	9
2209	10
2210	12
2211	15
2212	10
2213	11
2214	11
2215	12
2216	5
2217	16
2218	7
2219	13
2220	14
2221	9
2222	16
2223	7
2224	10
2225	11
2226	11
2227	20
2228	14
2229	4
2230	12
2231	10
2232	9
2233	10
2234	12
2235	13
2236	18
2237	7
2238	8
2239	17
2240	15
2241	10
2242	8
2243	9
2244	13
2245	10
2246	18
2247	9
2248	14
2249	14
2250	5
2251	9
2252	20
2253	13
2254	13
2255	14
2256	9
2257	6
2258	7
2259	15
2260	7
2261	16
2262	17
2263	8
2264	12
2265	12
2266	20
2267	14
2268	12
2269	8
2270	18
2271	18
2272	10
2273	13
2274	10
2275	14
2276	18
2277	9
2278	12
2279	13
2280	18
2281	10
2282	7
2283	13
2284	12
2285	12
2286	9
2287	7
2288	8
2289	9
2290	12
2291	14
2292	6
2293	5
2294	11
2295	8
2296	6
2297	7
2298	5
2299	16
2300	11
2301	17
2302	2
2303	8
2304	7
2305	4
2306	8
2307	11
2308	8
2309	7
2310	10
2311	11
2312	4
2313	7
2314	4
2315	10
2316	2
2317	7
2318	4
2319	5
2320	6
2321	3
2322	10
2323	8
2324	10
2325	7
2326	4
2327	7
2328	6
2329	14
2330	10
2331	11
2332	14
2333	10
2334	7
2335	2
2336	6
2337	1
2338	8
2339	9
2340	4
2341	5
2342	5
2343	3
2344	0
2345	8
2346	6
2347	6
2348	10
2349	7
2350	3
2351	1
2352	7
2353	2
2354	6
2355	3
2356	4
2357	3
2358	6
2359	4
2360	8
2361	5
2362	2
2363	4
2364	5
2365	5
2366	2
2367	5
2368	2
2369	1
2370	7
2371	9
2372	6
2373	5
2374	8
2375	0
2376	5
2377	5
2378	1
2379	8
2380	6
2381	6
2382	4
2383	3
2384	4
2385	9
2386	4
2387	6
2388	2
2389	6
2390	8
2391	5
2392	3
2393	4
2394	2
2395	5
2396	3
2397	5
2398	8
2399	3
2400	5
2401	5
2402	3
2403	2
2404	3
2405	10
2406	9
2407	4
2408	5
2409	5
2410	5
2411	2
2412	9
2413	4
2414	6
2415	4
2416	6
2417	3
2418	2
2419	4
2420	4
2421	0
2422	9
2423	5
2424	4
2425	6
2426	4
2427	11
2428	5
2429	5
2430	4
2431	6
2432	9
2433	3
2434	6
2435	3
2436	8
2437	3
2438	6
2439	3
2440	2
2441	7
2442	5
2443	3
2444	8
2445	3
2446	4
2447	3
2448	2
2449	4
2450	8
2451	3
2452	7
2453	3
2454	2
2455	4
2456	10
2457	6
2458	6
2459	2
2460	5
2461	4
2462	7
2463	6
2464	3
2465	4
2466	8
2467	4
2468	7
2469	3
2470	3
2471	2
2472	4
2473	5
2474	2
2475	5
2476	8
2477	5
2478	6
2479	3
2480	9
2481	7
2482	6
2483	9
2484	7
2485	3
2486	3
2487	7
2488	4
2489	7
2490	5
2491	5
2492	3
2493	8
2494	2
2495	9
2496	4
2497	4
2498	3
2499	6
2500	4
2501	4
2502	2
2503	3
2504	4
2505	7
2506	4
2507	4
2508	5
2509	8
2510	5
2511	5
2512	4
2513	2
2514	3
2515	6
2516	4
2517	2
2518	4
2519	6
2520	2
2521	3
2522	3
2523	8
2524	4
2525	4
2526	4
2527	6
2528	4
2529	5
2530	7
2531	4
2532	8
2533	5
2534	7
2535	3
2536	6
2537	6
2538	5
2539	3
2540	6
2541	4
2542	3
2543	4
2544	4
2545	6
2546	5
2547	8
2548	9
2549	5
2550	4
2551	5
2552	5
2553	5
2554	10
2555	10
2556	6
2557	3
2558	5
2559	7
2560	5
2561	3
2562	4
2563	5
2564	7
2565	2
2566	6
2567	5
2568	6
2569	9
2570	5
2571	9
2572	6
2573	5
2574	4
2575	1
2576	9
2577	5
2578	9
2579	5
2580	5
2581	8
2582	7
2583	7
2584	2
2585	9
2586	7
2587	9
2588	8
2589	9
2590	5
2591	15
2592	11
2593	7
2594	8
2595	9
2596	8
2597	0
2598	13
2599	8
2600	12
2601	13
2602	8
2603	6
2604	13
2605	11
2606	2
2607	13
2608	5
2609	7
2610	10
2611	11
2612	9
2613	6
2614	7
2615	4
2616	7
2617	10
2618	9
2619	5
2620	6
2621	7
2622	6
2623	7
2624	6
2625	2
2626	9
2627	5
2628	5
2629	5
2630	9
2631	5
2632	7
2633	16
2634	3
2635	7
2636	4
2637	4
2638	6
2639	8
2640	5
2641	4
2642	6
2643	4
2644	2
2645	0
2646	6
2647	2
2648	6
2649	4
2650	7
2651	5
2652	7
2653	5
2654	4
2655	5
2656	6
2657	4
2658	1
2659	5
2660	2
2661	6
2662	4
2663	5
2664	2
2665	4
2666	4
2667	2
2668	5
2669	5
2670	3
2671	4
2672	1
2673	10
2674	8
2675	7
2676	7
2677	5
2678	6
2679	1
2680	0
2681	7
2682	5
2683	4
2684	6
2685	4
2686	8
2687	7
2688	2
2689	2
2690	8
2691	7
2692	5
2693	4
2694	5
2695	3
2696	0
2697	6
2698	2
2699	5
2700	1
2701	3
2702	3
2703	0
2704	3
2705	4
2706	4
2707	5
2708	2
2709	3
2710	7
2711	3
2712	4
2713	2
2714	1
2715	5
2716	5
2717	6
2718	8
2719	3
2720	2
2721	2
2722	4
2723	8
2724	7
2725	3
2726	1
2727	6
2728	1
2729	10
2730	3
2731	4
2732	4
2733	1
2734	2
2735	3
2736	3
2737	6
2738	4
2739	5
2740	8
2741	1
2742	3
2743	2
2744	6
2745	5
2746	2
2747	6
2748	3
2749	5
2750	3
2751	3
2752	6
2753	5
2754	4
2755	3
2756	7
2757	3
2758	6
2759	5
2760	4
2761	2
2762	1
2763	5
2764	3
2765	4
2766	2
2767	5
2768	7
2769	4
2770	3
2771	3
2772	5
2773	3
2774	4
2775	2
2776	5
2777	8
2778	3
2779	3
2780	2
2781	1
2782	1
2783	5
2784	5
2785	6
2786	6
2787	0
2788	6
2789	3
2790	8
2791	3
2792	4
2793	5
2794	5
2795	4
2796	3
2797	5
2798	6
2799	4
2800	3
2801	2
2802	6
2803	8
2804	5
2805	2
2806	4
2807	1
2808	7
2809	1
2810	2
2811	3
2812	6
2813	3
2814	5
2815	2
2816	7
2817	1
2818	1
2819	2
2820	4
2821	2
2822	6
2823	1
2824	5
2825	6
2826	1
2827	3
2828	3
2829	6
2830	6
2831	6
2832	6
2833	5
2834	4
2835	4
2836	2
2837	2
2838	7
2839	4
2840	4
2841	3
2842	2
2843	5
2844	6
2845	2
2846	3
2847	1
2848	7
2849	6
2850	7
2851	6
2852	5
2853	2
2854	4
2855	5
2856	3
2857	2
2858	1
2859	4
2860	11
2861	2
2862	2
2863	1
2864	4
2865	2
2866	5
2867	3
2868	4
2869	3
2870	4
2871	4
2872	2
2873	6
2874	4
2875	9
2876	2
2877	8
2878	3
2879	2
2880	3
2881	3
2882	4
2883	4
2884	4
2885	2
2886	8
2887	4
2888	1
2889	10
2890	2
2891	4
2892	9
2893	5
2894	7
2895	0
2896	5
2897	3
2898	2
2899	6
2900	3
2901	4
2902	1
2903	3
2904	4
2905	4
2906	3
2907	9
2908	3
2909	1
2910	2
2911	3
2912	8
2913	3
2914	1
2915	2
2916	3
2917	5
2918	4
2919	4
2920	3
2921	4
2922	1
2923	2
2924	4
2925	3
2926	2
2927	7
2928	5
2929	2
2930	6
2931	9
2932	4
2933	1
2934	9
2935	6
2936	3
2937	6
2938	1
2939	3
2940	5
2941	5
2942	3
2943	5
2944	8
2945	5
2946	3
2947	3
2948	2
2949	7
2950	0
2951	2
2952	4
2953	2
2954	2
2955	1
2956	7
2957	4
2958	1
2959	1
2960	6
2961	4
2962	7
2963	2
2964	4
2965	4
2966	2
2967	1
2968	3
2969	6
2970	5
2971	4
2972	3
2973	5
2974	3
2975	2
2976	4
2977	1
2978	3
2979	3
2980	7
2981	3
2982	4
2983	4
2984	3
2985	2
2986	4
2987	3
2988	9
2989	5
2990	6
2991	1
2992	5
2993	4
2994	5
2995	7
2996	2
2997	0
2998	4
2999	5
3000	4
3001	6
3002	1
3003	8
3004	5
3005	2
3006	4
3007	5
3008	6
3009	1
3010	4
3011	2
3012	2
3013	3
3014	6
3015	4
3016	2
3017	1
3018	1
3019	3
3020	9
3021	3
3022	7
3023	5
3024	2
3025	3
3026	6
3027	5
3028	4
3029	2
3030	5
3031	1
3032	6
3033	4
3034	3
3035	3
3036	1
3037	5
3038	1
3039	6
3040	3
3041	4
3042	2
3043	6
3044	3
3045	2
3046	2
3047	2
3048	1
3049	4
3050	1
3051	3
3052	4
3053	2
3054	5
3055	1
3056	2
3057	7
3058	5
3059	2
3060	1
3061	4
3062	3
3063	1
3064	4
3065	2
3066	4
3067	1
3068	5
3069	1
3070	2
3071	2
3072	4
3073	0
3074	2
3075	5
3076	7
3077	3
3078	4
3079	1
3080	3
3081	5
3082	3
3083	7
3084	1
3085	3
3086	3
3087	2
3088	4
3089	7
3090	2
3091	3
3092	3
3093	4
3094	4
3095	2
3096	3
3097	4
3098	5
3099	2
3100	0
3101	3
3102	4
3103	3
3104	3
3105	5
3106	3
3107	2
3108	3
3109	1
3110	3
3111	0
3112	3
3113	1
3114	5
3115	5
3116	5
3117	1
3118	2
3119	4
3120	2
3121	1
3122	2
3123	2
3124	3
3125	2
3126	4
3127	2
3128	1
3129	2
3130	5
3131	6
3132	2
3133	2
3134	2
3135	1
3136	1
3137	3
3138	1
3139	4
3140	6
3141	1
3142	1
3143	2
3144	7
3145	3
3146	1
3147	1
3148	7
3149	2
3150	4
3151	3
3152	0
3153	5
3154	2
3155	1
3156	0
3157	4
3158	4
3159	3
3160	1
3161	5
3162	3
3163	3
3164	4
3165	3
3166	5
3167	5
3168	4
3169	2
3170	4
3171	1
3172	3
3173	1
3174	4
3175	4
3176	3
3177	3
3178	6
3179	3
3180	1
3181	2
3182	2
3183	4
3184	3
3185	3
3186	0
3187	4
3188	2
3189	3
3190	2
3191	1
3192	3
3193	2
3194	1
3195	4
3196	4
3197	2
3198	7
3199	4
3200	3
3201	4
3202	3
3203	3
3204	4
3205	7
3206	3
3207	2
3208	1
3209	4
3210	5
3211	4
3212	4
3213	7
3214	4
3215	2
3216	0
3217	3
3218	2
3219	7
3220	3
3221	1
3222	3
3223	3
3224	6
3225	4
3226	2
3227	2
3228	1
3229	1
3230	4
3231	2
3232	2
3233	1
3234	4
3235	2
3236	3
3237	3
3238	1
3239	5
3240	0
3241	0
3242	1
3243	3
3244	3
3245	4
3246	3
3247	1
3248	6
3249	3
3250	4
3251	4
3252	1
3253	5
3254	6
3255	3
3256	0
3257	5
3258	2
3259	4
3260	1
3261	1
3262	2
3263	4
3264	3
3265	2
3266	2
3267	2
3268	5
3269	1
3270	5
3271	2
3272	3
3273	4
3274	2
3275	6
3276	2
3277	2
3278	4
3279	0
3280	1
3281	4
3282	2
3283	5
3284	2
3285	2
3286	3
3287	1
3288	2
3289	6
3290	4
3291	5
3292	7
3293	1
3294	1
3295	5
3296	1
3297	2
3298	2
3299	0
3300	2
3301	1
3302	5
3303	3
3304	2
3305	4
3306	1
3307	1
3308	5
3309	0
3310	5
3311	2
3312	0
3313	2
3314	1
3315	3
3316	2
3317	2
3318	1
3319	3
3320	3
3321	1
3322	4
3323	3
3324	3
3325	1
3326	0
3327	1
3328	2
3329	3
3330	3
3331	4
3332	1
3333	3
3334	6
3335	3
3336	2
3337	1
3338	1
3339	1
3340	2
3341	1
3342	3
3343	3
3344	1
3345	2
3346	6
3347	4
3348	3
3349	0
3350	4
3351	1
3352	4
3353	2
3354	3
3355	2
3356	4
3357	3
3358	1
3359	2
3360	3
3361	3
3362	2
3363	2
3364	3
3365	5
3366	2
3367	1
3368	3
3369	1
3370	2
3371	2
3372	1
3373	0
3374	0
3375	0
3376	0
3377	2
3378	5
3379	2
3380	3
3381	1
3382	4
3383	4
3384	3
3385	3
3386	2
3387	5
3388	3
3389	6
3390	3
3391	2
3392	1
3393	1
3394	4
3395	4
3396	0
3397	2
3398	4
3399	3
3400	1
3401	4
3402	1
3403	2
3404	4
3405	2
3406	1
3407	0
3408	1
3409	2
3410	3
3411	2
3412	3
3413	0
3414	1
3415	2
3416	3
3417	1
3418	1
3419	2
3420	3
3421	1
3422	3
3423	2
3424	1
3425	2
3426	2
3427	0
3428	5
3429	0
3430	0
3431	4
3432	5
3433	0
3434	0
3435	3
3436	0
3437	0
3438	1
3439	1
3440	1
3441	1
3442	0
3443	0
3444	2
3445	0
3446	2
3447	0
3448	1
3449	5
3450	1
3451	3
3452	1
3453	1
3454	4
3455	3
3456	4
3457	3
3458	3
3459	3
3460	3
3461	0
3462	1
3463	2
3464	0
3465	4
3466	0
3467	2
3468	2
3469	1
3470	1
3471	6
3472	0
3473	1
3474	1
3475	1
3476	5
3477	1
3478	4
3479	2
3480	2
3481	3
3482	0
3483	5
3484	2
3485	1
3486	4
3487	0
3488	0
3489	3
3490	2
3491	1
3492	3
3493	2
3494	3
3495	0
3496	1
3497	3
3498	0
3499	1
3500	4
3501	4
3502	1
3503	1
3504	1
3505	2
3506	0
3507	2
3508	3
3509	0
3510	1
3511	1
3512	2
3513	1
3514	2
3515	2
3516	3
3517	1
3518	1
3519	1
3520	4
3521	3
3522	2
3523	0
3524	3
3525	1
3526	5
3527	1
3528	4
3529	4
3530	1
3531	2
3532	2
3533	1
3534	0
3535	1
3536	2
3537	1
3538	1
3539	6
3540	1
3541	3
3542	3
3543	1
3544	1
3545	5
3546	0
3547	4
3548	2
3549	3
3550	2
3551	2
3552	2
3553	2
3554	0
3555	2
3556	1
3557	1
3558	1
3559	2
3560	2
3561	2
3562	0
3563	1
3564	1
3565	2
3566	1
3567	2
3568	1
3569	1
3570	3
3571	1
3572	1
3573	0
3574	1
3575	0
3576	0
3577	1
3578	1
3579	2
3580	1
3581	3
3582	0
3583	2
3584	1
3585	1
3586	1
3587	4
3588	2
3589	1
3590	4
3591	0
3592	1
3593	4
3594	0
3595	1
3596	0
3597	2
3598	1
3599	1
3600	1
3601	4
3602	2
3603	3
3604	0
3605	0
3606	3
3607	0
3608	1
3609	0
3610	0
3611	0
3612	1
3613	0
3614	1
3615	2
3616	2
3617	2
3618	1
3619	2
3620	1
3621	1
3622	1
3623	2
3624	2
3625	1
3626	1
3627	3
3628	1
3629	3
3630	2
3631	0
3632	0
3633	2
3634	1
3635	1
3636	0
3637	2
3638	3
3639	1
3640	1
3641	2
3642	1
3643	2
3644	1
3645	0
3646	2
3647	1
3648	2
3649	4
3650	0
3651	2
3652	2
3653	2
3654	0
3655	1
3656	1
3657	1
3658	1
3659	1
3660	4
3661	4
3662	1
3663	1
3664	3
3665	1
3666	3
3667	0
3668	0
3669	0
3670	1
3671	1
3672	0
3673	2
3674	1
3675	1
3676	0
3677	0
3678	2
3679	3
3680	3
3681	2
3682	0
3683	1
3684	3
3685	2
3686	1
3687	0
3688	0
3689	1
3690	1
3691	2
3692	1
3693	2
3694	1
3695	0
3696	1
3697	1
3698	1
3699	1
3700	0
3701	1
3702	2
3703	0
3704	1
3705	3
3706	3
3707	1
3708	0
3709	0
3710	1
3711	3
3712	0
3713	0
3714	1
3715	1
3716	0
3717	3
3718	0
3719	3
3720	0
3721	3
3722	1
3723	1
3724	0
3725	0
3726	0
3727	0
3728	1
3729	3
3730	0
3731	1
3732	0
3733	1
3734	2
3735	0
3736	3
3737	0
3738	1
3739	0
3740	0
3741	0
3742	0
3743	1
3744	0
3745	0
3746	0
3747	2
3748	3
3749	2
3750	1
3751	0
3752	1
3753	1
3754	1
3755	2
3756	2
3757	0
3758	2
3759	0
3760	0
3761	0
3762	1
3763	1
3764	2
3765	0
3766	1
3767	1
3768	0
3769	1
3770	2
3771	1
3772	2
3773	0
3774	0
3775	0
3776	1
3777	0
3778	0
3779	1
3780	1
3781	1
3782	2
3783	0
3784	0
3785	3
3786	1
3787	1
3788	1
3789	1
3790	0
3791	0
3792	1
3793	1
3794	1
3795	0
3796	2
3797	0
3798	2
3799	0
3800	1
3801	3
3802	0
3803	1
3804	0
3805	0
3806	4
3807	0
3808	1
3809	2
3810	2
3811	0
3812	1
3813	0
3814	1
3815	1
3816	1
3817	0
3818	0
3819	0
3820	1
3821	1
3822	0
3823	1
3824	0
3825	1
3826	0
3827	5
3828	1
3829	0
3830	4
3831	2
3832	1
3833	0
3834	0
3835	1
3836	0
3837	0
3838	1
3839	1
3840	2
3841	0
3842	0
3843	0
3844	2
3845	0
3846	0
3847	0
3848	1
3849	0
3850	0
3851	3
3852	3
3853	0
3854	1
3855	0
3856	1
3857	1
3858	1
3859	0
3860	1
3861	1
3862	3
3863	0
3864	0
3865	0
3866	1
3867	1
3868	0
3869	0
3870	0
3871	0
3872	0
3873	0
3874	3
3875	1
3876	1
3877	1
3878	1
3879	0
3880	0
3881	0
3882	0
3883	1
3884	0
3885	2
3886	1
3887	0
3888	0
3889	0
3890	0
3891	0
3892	1
3893	0
3894	1
3895	0
3896	1
3897	1
3898	0
3899	0
3900	0
3901	0
3902	0
3903	0
3904	0
3905	0
3906	0
3907	0
3908	0
3909	1
3910	0
3911	0
3912	3
3913	0
3914	0
3915	0
3916	0
3917	0
3918	1
3919	0
3920	0
3921	0
3922	1
3923	0
3924	2
3925	0
3926	0
3927	0
3928	1
3929	1
3930	0
3931	0
3932	0
3933	0
3934	0
3935	0
3936	1
3937	0
3938	1
3939	0
3940	1
3941	0
3942	0
3943	0
3944	0
3945	0
3946	0
3947	0
3948	1
3949	0
3950	1
3951	0
3952	1
3953	0
3954	0
3955	0
3956	0
3957	0
3958	0
3959	0
3960	0
3961	0
3962	0
3963	0
3964	0
3965	0
3966	0
3967	0
3968	0
3969	0
3970	1
3971	0
3972	0
3973	0
3974	1
3975	0
3976	0
3977	0
3978	0
3979	0
3980	0
3981	1
3982	0
3983	0
3984	0
3985	0
3986	0
3987	0
3988	0
3989	1
3990	0
3991	0
3992	0
3993	0
3994	0
3995	0
3996	0
3997	0
3998	0
3999	0
4000	0
