Channel number	Impulses
Channel/#	Impulses/#

0	0
1	0
2	0
3	0
4	0
5	0
6	0
7	0
8	0
9	0
10	0
11	0
12	0
13	0
14	0
15	0
16	0
17	0
18	0
19	0
20	0
21	0
22	0
23	0
24	0
25	0
26	0
27	0
28	0
29	0
30	0
31	0
32	0
33	0
34	0
35	0
36	0
37	0
38	0
39	0
40	0
41	0
42	0
43	0
44	0
45	0
46	0
47	0
48	0
49	0
50	0
51	0
52	0
53	0
54	3
55	5
56	3
57	4
58	3
59	6
60	3
61	4
62	2
63	1
64	1
65	5
66	3
67	1
68	2
69	2
70	4
71	1
72	3
73	5
74	3
75	2
76	2
77	1
78	3
79	4
80	2
81	3
82	7
83	5
84	4
85	2
86	2
87	2
88	2
89	5
90	1
91	8
92	2
93	5
94	3
95	4
96	2
97	1
98	1
99	4
100	1
101	3
102	3
103	2
104	2
105	4
106	4
107	4
108	4
109	4
110	2
111	6
112	1
113	2
114	3
115	4
116	0
117	1
118	4
119	1
120	2
121	5
122	4
123	2
124	4
125	5
126	4
127	1
128	1
129	3
130	8
131	0
132	2
133	3
134	4
135	1
136	3
137	3
138	4
139	4
140	7
141	2
142	0
143	3
144	5
145	3
146	1
147	3
148	4
149	3
150	3
151	2
152	3
153	3
154	1
155	0
156	1
157	5
158	3
159	2
160	3
161	1
162	0
163	5
164	4
165	3
166	1
167	2
168	2
169	3
170	3
171	3
172	4
173	4
174	2
175	3
176	2
177	2
178	4
179	2
180	3
181	1
182	1
183	3
184	0
185	2
186	0
187	2
188	1
189	0
190	1
191	2
192	0
193	1
194	3
195	3
196	3
197	1
198	0
199	2
200	2
201	0
202	1
203	1
204	0
205	1
206	4
207	2
208	0
209	3
210	3
211	2
212	6
213	4
214	3
215	2
216	4
217	0
218	2
219	0
220	1
221	0
222	3
223	4
224	1
225	2
226	2
227	2
228	2
229	2
230	3
231	2
232	1
233	1
234	2
235	2
236	3
237	0
238	1
239	0
240	0
241	1
242	1
243	2
244	1
245	1
246	3
247	0
248	3
249	2
250	2
251	1
252	1
253	0
254	0
255	5
256	1
257	2
258	1
259	0
260	2
261	2
262	4
263	1
264	2
265	1
266	1
267	3
268	1
269	1
270	0
271	0
272	1
273	2
274	2
275	0
276	3
277	2
278	3
279	1
280	1
281	1
282	1
283	1
284	0
285	0
286	0
287	1
288	0
289	0
290	1
291	4
292	0
293	3
294	1
295	0
296	1
297	2
298	1
299	0
300	1
301	1
302	2
303	6
304	2
305	1
306	0
307	2
308	1
309	1
310	0
311	3
312	0
313	1
314	1
315	2
316	1
317	3
318	2
319	1
320	0
321	0
322	1
323	2
324	2
325	1
326	1
327	0
328	1
329	0
330	2
331	3
332	1
333	1
334	2
335	0
336	1
337	0
338	0
339	2
340	3
341	1
342	3
343	0
344	2
345	0
346	2
347	1
348	3
349	1
350	0
351	2
352	0
353	3
354	2
355	2
356	2
357	2
358	2
359	0
360	3
361	1
362	0
363	0
364	2
365	2
366	0
367	0
368	1
369	0
370	1
371	3
372	3
373	0
374	0
375	1
376	1
377	1
378	1
379	1
380	2
381	2
382	1
383	2
384	0
385	1
386	1
387	0
388	0
389	0
390	1
391	1
392	0
393	1
394	0
395	2
396	1
397	1
398	1
399	0
400	2
401	2
402	0
403	3
404	0
405	1
406	5
407	0
408	1
409	1
410	3
411	1
412	0
413	1
414	0
415	1
416	0
417	0
418	0
419	1
420	2
421	0
422	1
423	0
424	2
425	0
426	1
427	0
428	1
429	3
430	0
431	3
432	1
433	1
434	0
435	1
436	1
437	0
438	5
439	3
440	1
441	0
442	1
443	3
444	2
445	1
446	4
447	1
448	0
449	0
450	1
451	1
452	1
453	0
454	0
455	0
456	0
457	1
458	1
459	0
460	1
461	1
462	1
463	0
464	0
465	1
466	4
467	0
468	1
469	0
470	3
471	0
472	0
473	2
474	0
475	1
476	2
477	1
478	0
479	2
480	1
481	2
482	1
483	0
484	0
485	1
486	1
487	1
488	2
489	1
490	2
491	1
492	0
493	0
494	1
495	0
496	0
497	1
498	1
499	1
500	2
501	2
502	0
503	2
504	2
505	4
506	1
507	1
508	2
509	0
510	2
511	2
512	0
513	1
514	1
515	2
516	3
517	1
518	3
519	1
520	1
521	0
522	1
523	1
524	0
525	0
526	0
527	0
528	1
529	0
530	0
531	0
532	1
533	1
534	0
535	1
536	0
537	3
538	0
539	0
540	0
541	0
542	0
543	1
544	0
545	0
546	0
547	0
548	2
549	0
550	2
551	0
552	0
553	2
554	1
555	1
556	1
557	1
558	1
559	0
560	0
561	0
562	0
563	0
564	0
565	0
566	4
567	0
568	0
569	1
570	1
571	1
572	1
573	1
574	0
575	2
576	2
577	0
578	2
579	0
580	3
581	2
582	0
583	1
584	1
585	3
586	2
587	3
588	0
589	0
590	0
591	1
592	0
593	2
594	1
595	1
596	2
597	1
598	1
599	0
600	2
601	1
602	1
603	0
604	1
605	0
606	2
607	0
608	1
609	0
610	0
611	0
612	3
613	2
614	1
615	0
616	2
617	1
618	0
619	1
620	0
621	1
622	3
623	0
624	1
625	0
626	0
627	0
628	1
629	0
630	0
631	0
632	0
633	0
634	1
635	0
636	1
637	0
638	0
639	1
640	1
641	0
642	1
643	1
644	0
645	0
646	1
647	0
648	1
649	0
650	2
651	0
652	1
653	1
654	1
655	1
656	1
657	0
658	2
659	0
660	0
661	0
662	2
663	0
664	1
665	2
666	1
667	0
668	0
669	0
670	2
671	3
672	0
673	1
674	0
675	0
676	1
677	1
678	2
679	0
680	1
681	1
682	1
683	1
684	0
685	0
686	1
687	0
688	4
689	0
690	0
691	0
692	1
693	2
694	1
695	1
696	0
697	3
698	1
699	0
700	1
701	0
702	3
703	0
704	0
705	1
706	1
707	1
708	0
709	0
710	1
711	1
712	0
713	0
714	2
715	2
716	2
717	0
718	1
719	1
720	0
721	0
722	1
723	2
724	2
725	0
726	1
727	3
728	1
729	0
730	0
731	1
732	1
733	0
734	2
735	3
736	2
737	1
738	1
739	1
740	1
741	0
742	0
743	1
744	0
745	2
746	1
747	0
748	0
749	1
750	2
751	1
752	1
753	0
754	0
755	2
756	0
757	0
758	0
759	0
760	0
761	1
762	1
763	0
764	0
765	1
766	1
767	1
768	0
769	0
770	0
771	0
772	0
773	2
774	0
775	0
776	0
777	2
778	1
779	0
780	3
781	0
782	1
783	1
784	2
785	0
786	1
787	0
788	3
789	2
790	1
791	0
792	1
793	1
794	2
795	2
796	2
797	3
798	0
799	2
800	2
801	0
802	3
803	0
804	1
805	3
806	4
807	1
808	3
809	2
810	2
811	2
812	0
813	5
814	1
815	2
816	0
817	1
818	1
819	3
820	3
821	1
822	3
823	1
824	2
825	1
826	0
827	2
828	1
829	2
830	1
831	3
832	1
833	0
834	3
835	3
836	2
837	0
838	1
839	0
840	1
841	4
842	2
843	1
844	3
845	3
846	0
847	0
848	3
849	0
850	2
851	1
852	1
853	1
854	2
855	2
856	0
857	0
858	3
859	3
860	4
861	4
862	1
863	2
864	1
865	1
866	0
867	5
868	6
869	3
870	6
871	4
872	2
873	0
874	2
875	1
876	2
877	2
878	2
879	1
880	1
881	2
882	2
883	1
884	2
885	1
886	4
887	2
888	1
889	4
890	2
891	1
892	4
893	1
894	5
895	1
896	1
897	2
898	1
899	2
900	2
901	1
902	3
903	1
904	3
905	3
906	2
907	1
908	1
909	2
910	2
911	3
912	1
913	0
914	2
915	0
916	0
917	0
918	1
919	3
920	0
921	0
922	6
923	2
924	1
925	0
926	2
927	1
928	3
929	2
930	2
931	1
932	1
933	2
934	3
935	0
936	2
937	1
938	2
939	1
940	2
941	1
942	0
943	0
944	1
945	1
946	3
947	1
948	4
949	2
950	3
951	0
952	1
953	2
954	1
955	0
956	1
957	3
958	2
959	2
960	1
961	3
962	1
963	0
964	1
965	3
966	4
967	1
968	2
969	3
970	0
971	3
972	0
973	2
974	1
975	1
976	2
977	1
978	2
979	2
980	1
981	3
982	0
983	1
984	3
985	4
986	2
987	1
988	1
989	0
990	1
991	0
992	1
993	0
994	0
995	0
996	1
997	2
998	3
999	0
1000	1
1001	1
1002	3
1003	1
1004	2
1005	1
1006	0
1007	3
1008	0
1009	0
1010	1
1011	4
1012	1
1013	1
1014	2
1015	1
1016	1
1017	2
1018	0
1019	3
1020	1
1021	0
1022	3
1023	1
1024	1
1025	0
1026	4
1027	0
1028	0
1029	2
1030	2
1031	0
1032	1
1033	1
1034	3
1035	2
1036	2
1037	1
1038	3
1039	1
1040	0
1041	1
1042	2
1043	2
1044	2
1045	1
1046	2
1047	3
1048	2
1049	2
1050	3
1051	3
1052	2
1053	4
1054	4
1055	3
1056	1
1057	4
1058	1
1059	3
1060	2
1061	2
1062	5
1063	1
1064	1
1065	2
1066	4
1067	4
1068	2
1069	1
1070	3
1071	2
1072	5
1073	4
1074	2
1075	1
1076	7
1077	1
1078	1
1079	3
1080	0
1081	4
1082	1
1083	2
1084	3
1085	3
1086	2
1087	5
1088	2
1089	2
1090	1
1091	1
1092	3
1093	1
1094	1
1095	1
1096	2
1097	2
1098	2
1099	2
1100	2
1101	1
1102	1
1103	1
1104	0
1105	0
1106	4
1107	0
1108	0
1109	2
1110	2
1111	2
1112	0
1113	2
1114	4
1115	4
1116	2
1117	1
1118	4
1119	4
1120	1
1121	2
1122	1
1123	3
1124	0
1125	2
1126	6
1127	4
1128	2
1129	4
1130	4
1131	0
1132	2
1133	4
1134	5
1135	6
1136	3
1137	2
1138	2
1139	4
1140	0
1141	0
1142	5
1143	1
1144	2
1145	1
1146	1
1147	6
1148	4
1149	2
1150	6
1151	6
1152	1
1153	2
1154	6
1155	3
1156	4
1157	1
1158	6
1159	1
1160	1
1161	5
1162	2
1163	2
1164	1
1165	2
1166	0
1167	2
1168	3
1169	3
1170	5
1171	2
1172	0
1173	2
1174	1
1175	0
1176	10
1177	1
1178	1
1179	3
1180	2
1181	3
1182	2
1183	3
1184	3
1185	1
1186	2
1187	3
1188	0
1189	0
1190	0
1191	4
1192	0
1193	1
1194	0
1195	0
1196	3
1197	1
1198	1
1199	1
1200	1
1201	1
1202	1
1203	2
1204	4
1205	3
1206	6
1207	2
1208	6
1209	3
1210	2
1211	2
1212	4
1213	2
1214	3
1215	8
1216	0
1217	1
1218	1
1219	3
1220	3
1221	2
1222	3
1223	0
1224	1
1225	2
1226	1
1227	3
1228	0
1229	3
1230	1
1231	3
1232	1
1233	3
1234	1
1235	4
1236	3
1237	0
1238	6
1239	1
1240	4
1241	6
1242	1
1243	2
1244	1
1245	2
1246	4
1247	3
1248	3
1249	1
1250	5
1251	4
1252	4
1253	3
1254	2
1255	3
1256	4
1257	5
1258	4
1259	1
1260	5
1261	1
1262	3
1263	2
1264	5
1265	1
1266	6
1267	5
1268	2
1269	2
1270	9
1271	1
1272	0
1273	0
1274	6
1275	2
1276	6
1277	4
1278	5
1279	3
1280	4
1281	5
1282	4
1283	3
1284	4
1285	2
1286	2
1287	1
1288	2
1289	4
1290	4
1291	3
1292	3
1293	1
1294	5
1295	3
1296	3
1297	5
1298	1
1299	6
1300	2
1301	3
1302	5
1303	7
1304	2
1305	3
1306	2
1307	9
1308	4
1309	4
1310	0
1311	2
1312	3
1313	2
1314	2
1315	1
1316	2
1317	2
1318	1
1319	2
1320	3
1321	2
1322	2
1323	5
1324	4
1325	1
1326	3
1327	0
1328	3
1329	4
1330	2
1331	3
1332	1
1333	3
1334	1
1335	4
1336	3
1337	3
1338	1
1339	4
1340	4
1341	8
1342	3
1343	3
1344	5
1345	3
1346	6
1347	4
1348	3
1349	4
1350	2
1351	3
1352	2
1353	3
1354	1
1355	2
1356	5
1357	2
1358	1
1359	2
1360	2
1361	3
1362	3
1363	2
1364	4
1365	0
1366	6
1367	1
1368	3
1369	5
1370	4
1371	3
1372	3
1373	2
1374	5
1375	7
1376	4
1377	1
1378	5
1379	5
1380	2
1381	7
1382	4
1383	1
1384	3
1385	6
1386	5
1387	7
1388	4
1389	4
1390	3
1391	3
1392	6
1393	5
1394	0
1395	2
1396	7
1397	3
1398	2
1399	5
1400	5
1401	2
1402	3
1403	4
1404	2
1405	2
1406	3
1407	2
1408	2
1409	4
1410	6
1411	0
1412	4
1413	1
1414	1
1415	3
1416	6
1417	7
1418	1
1419	2
1420	7
1421	2
1422	4
1423	2
1424	3
1425	2
1426	5
1427	10
1428	9
1429	5
1430	5
1431	1
1432	2
1433	6
1434	7
1435	4
1436	3
1437	0
1438	3
1439	4
1440	5
1441	4
1442	4
1443	5
1444	8
1445	1
1446	4
1447	4
1448	5
1449	3
1450	3
1451	3
1452	7
1453	4
1454	6
1455	3
1456	4
1457	6
1458	4
1459	4
1460	1
1461	1
1462	7
1463	2
1464	6
1465	4
1466	1
1467	1
1468	5
1469	5
1470	4
1471	2
1472	2
1473	5
1474	1
1475	3
1476	3
1477	4
1478	7
1479	3
1480	3
1481	4
1482	2
1483	3
1484	5
1485	2
1486	4
1487	3
1488	1
1489	5
1490	7
1491	8
1492	5
1493	4
1494	1
1495	2
1496	6
1497	6
1498	2
1499	2
1500	5
1501	3
1502	4
1503	6
1504	4
1505	4
1506	1
1507	3
1508	3
1509	2
1510	5
1511	5
1512	3
1513	2
1514	6
1515	1
1516	2
1517	5
1518	5
1519	1
1520	1
1521	7
1522	5
1523	9
1524	7
1525	2
1526	2
1527	4
1528	5
1529	5
1530	2
1531	5
1532	7
1533	1
1534	3
1535	7
1536	2
1537	7
1538	6
1539	5
1540	6
1541	5
1542	7
1543	4
1544	3
1545	4
1546	5
1547	4
1548	8
1549	6
1550	3
1551	4
1552	0
1553	6
1554	2
1555	4
1556	4
1557	4
1558	9
1559	6
1560	2
1561	5
1562	3
1563	7
1564	3
1565	2
1566	5
1567	3
1568	5
1569	4
1570	5
1571	3
1572	7
1573	2
1574	4
1575	2
1576	6
1577	3
1578	2
1579	2
1580	7
1581	6
1582	4
1583	4
1584	6
1585	9
1586	5
1587	3
1588	6
1589	3
1590	9
1591	8
1592	5
1593	6
1594	7
1595	3
1596	8
1597	4
1598	3
1599	6
1600	2
1601	4
1602	3
1603	6
1604	7
1605	6
1606	6
1607	3
1608	3
1609	6
1610	2
1611	2
1612	3
1613	3
1614	5
1615	5
1616	3
1617	4
1618	3
1619	5
1620	5
1621	5
1622	10
1623	2
1624	2
1625	6
1626	5
1627	6
1628	3
1629	10
1630	8
1631	2
1632	5
1633	3
1634	6
1635	3
1636	4
1637	7
1638	3
1639	5
1640	6
1641	11
1642	6
1643	3
1644	5
1645	3
1646	6
1647	5
1648	6
1649	1
1650	8
1651	8
1652	4
1653	5
1654	5
1655	6
1656	5
1657	5
1658	4
1659	7
1660	6
1661	7
1662	8
1663	9
1664	2
1665	6
1666	3
1667	1
1668	4
1669	3
1670	3
1671	4
1672	2
1673	6
1674	8
1675	3
1676	6
1677	2
1678	7
1679	2
1680	3
1681	8
1682	7
1683	4
1684	3
1685	5
1686	6
1687	5
1688	10
1689	6
1690	3
1691	5
1692	5
1693	5
1694	12
1695	5
1696	5
1697	2
1698	3
1699	3
1700	9
1701	6
1702	8
1703	1
1704	3
1705	4
1706	4
1707	3
1708	11
1709	6
1710	3
1711	5
1712	5
1713	4
1714	5
1715	5
1716	6
1717	7
1718	5
1719	5
1720	3
1721	6
1722	7
1723	7
1724	7
1725	7
1726	5
1727	5
1728	5
1729	7
1730	10
1731	3
1732	9
1733	4
1734	7
1735	3
1736	4
1737	8
1738	3
1739	5
1740	4
1741	6
1742	2
1743	3
1744	6
1745	4
1746	13
1747	6
1748	4
1749	3
1750	6
1751	3
1752	4
1753	6
1754	5
1755	10
1756	8
1757	4
1758	7
1759	6
1760	4
1761	7
1762	3
1763	8
1764	9
1765	9
1766	6
1767	6
1768	4
1769	6
1770	2
1771	3
1772	11
1773	7
1774	5
1775	3
1776	4
1777	4
1778	15
1779	7
1780	6
1781	3
1782	3
1783	5
1784	9
1785	3
1786	9
1787	4
1788	12
1789	5
1790	6
1791	10
1792	1
1793	7
1794	7
1795	7
1796	12
1797	7
1798	9
1799	2
1800	5
1801	10
1802	6
1803	4
1804	6
1805	10
1806	6
1807	3
1808	5
1809	6
1810	6
1811	8
1812	4
1813	5
1814	8
1815	7
1816	5
1817	11
1818	7
1819	5
1820	11
1821	6
1822	5
1823	11
1824	5
1825	5
1826	9
1827	11
1828	7
1829	3
1830	8
1831	5
1832	8
1833	8
1834	4
1835	4
1836	8
1837	5
1838	6
1839	5
1840	3
1841	5
1842	7
1843	8
1844	9
1845	7
1846	14
1847	5
1848	12
1849	11
1850	6
1851	7
1852	9
1853	3
1854	7
1855	6
1856	10
1857	4
1858	6
1859	12
1860	14
1861	9
1862	12
1863	7
1864	6
1865	5
1866	2
1867	5
1868	12
1869	10
1870	5
1871	7
1872	8
1873	6
1874	6
1875	6
1876	10
1877	9
1878	10
1879	7
1880	6
1881	9
1882	7
1883	10
1884	9
1885	8
1886	10
1887	5
1888	16
1889	5
1890	7
1891	11
1892	8
1893	10
1894	7
1895	13
1896	8
1897	10
1898	6
1899	11
1900	6
1901	8
1902	11
1903	7
1904	7
1905	4
1906	11
1907	10
1908	13
1909	11
1910	15
1911	8
1912	8
1913	13
1914	7
1915	14
1916	12
1917	21
1918	12
1919	17
1920	12
1921	13
1922	9
1923	9
1924	16
1925	13
1926	19
1927	9
1928	20
1929	23
1930	14
1931	20
1932	21
1933	19
1934	13
1935	15
1936	29
1937	17
1938	20
1939	16
1940	17
1941	9
1942	38
1943	12
1944	28
1945	17
1946	20
1947	30
1948	18
1949	27
1950	15
1951	27
1952	33
1953	25
1954	35
1955	25
1956	22
1957	21
1958	43
1959	24
1960	23
1961	37
1962	28
1963	32
1964	46
1965	40
1966	46
1967	22
1968	41
1969	34
1970	34
1971	32
1972	34
1973	25
1974	46
1975	33
1976	35
1977	47
1978	41
1979	39
1980	37
1981	33
1982	38
1983	49
1984	28
1985	26
1986	40
1987	33
1988	46
1989	26
1990	33
1991	29
1992	39
1993	34
1994	33
1995	28
1996	34
1997	37
1998	39
1999	44
2000	31
2001	36
2002	36
2003	33
2004	28
2005	20
2006	42
2007	19
2008	34
2009	50
2010	22
2011	36
2012	31
2013	23
2014	28
2015	21
2016	33
2017	33
2018	21
2019	21
2020	41
2021	21
2022	37
2023	25
2024	22
2025	27
2026	28
2027	14
2028	33
2029	15
2030	26
2031	10
2032	22
2033	16
2034	24
2035	27
2036	24
2037	21
2038	24
2039	17
2040	13
2041	16
2042	11
2043	13
2044	21
2045	17
2046	11
2047	12
2048	9
2049	8
2050	5
2051	8
2052	15
2053	11
2054	14
2055	12
2056	15
2057	10
2058	9
2059	9
2060	10
2061	15
2062	9
2063	11
2064	10
2065	11
2066	8
2067	12
2068	10
2069	10
2070	12
2071	9
2072	4
2073	12
2074	6
2075	4
2076	5
2077	8
2078	9
2079	14
2080	3
2081	7
2082	6
2083	6
2084	8
2085	5
2086	3
2087	4
2088	6
2089	7
2090	2
2091	7
2092	10
2093	3
2094	2
2095	5
2096	5
2097	5
2098	9
2099	0
2100	3
2101	7
2102	7
2103	4
2104	4
2105	8
2106	4
2107	5
2108	2
2109	3
2110	6
2111	12
2112	4
2113	8
2114	2
2115	7
2116	3
2117	6
2118	5
2119	7
2120	12
2121	6
2122	5
2123	4
2124	10
2125	6
2126	5
2127	7
2128	4
2129	5
2130	6
2131	5
2132	7
2133	5
2134	8
2135	6
2136	5
2137	8
2138	6
2139	10
2140	7
2141	5
2142	12
2143	6
2144	9
2145	8
2146	6
2147	6
2148	4
2149	1
2150	5
2151	3
2152	7
2153	9
2154	4
2155	7
2156	6
2157	4
2158	8
2159	4
2160	4
2161	3
2162	8
2163	9
2164	3
2165	4
2166	3
2167	11
2168	3
2169	9
2170	9
2171	11
2172	4
2173	7
2174	7
2175	7
2176	7
2177	2
2178	5
2179	4
2180	8
2181	6
2182	8
2183	8
2184	5
2185	9
2186	9
2187	8
2188	10
2189	4
2190	5
2191	6
2192	2
2193	6
2194	10
2195	5
2196	7
2197	7
2198	9
2199	7
2200	7
2201	14
2202	7
2203	12
2204	9
2205	16
2206	13
2207	10
2208	14
2209	12
2210	8
2211	10
2212	9
2213	5
2214	11
2215	14
2216	6
2217	12
2218	12
2219	8
2220	5
2221	6
2222	8
2223	12
2224	11
2225	8
2226	6
2227	11
2228	8
2229	13
2230	12
2231	8
2232	7
2233	12
2234	3
2235	6
2236	7
2237	10
2238	14
2239	12
2240	12
2241	14
2242	9
2243	15
2244	14
2245	11
2246	8
2247	8
2248	10
2249	12
2250	12
2251	15
2252	13
2253	13
2254	11
2255	15
2256	10
2257	15
2258	11
2259	14
2260	8
2261	3
2262	9
2263	8
2264	8
2265	9
2266	5
2267	9
2268	11
2269	6
2270	15
2271	7
2272	6
2273	10
2274	5
2275	5
2276	9
2277	5
2278	15
2279	9
2280	5
2281	13
2282	9
2283	6
2284	15
2285	9
2286	9
2287	8
2288	7
2289	4
2290	7
2291	11
2292	5
2293	2
2294	10
2295	5
2296	9
2297	10
2298	9
2299	12
2300	5
2301	10
2302	5
2303	4
2304	11
2305	8
2306	5
2307	5
2308	9
2309	5
2310	2
2311	5
2312	9
2313	7
2314	7
2315	6
2316	6
2317	5
2318	3
2319	2
2320	2
2321	5
2322	12
2323	6
2324	4
2325	6
2326	9
2327	3
2328	8
2329	3
2330	4
2331	9
2332	0
2333	6
2334	1
2335	3
2336	3
2337	4
2338	6
2339	3
2340	5
2341	5
2342	6
2343	3
2344	0
2345	10
2346	3
2347	6
2348	4
2349	3
2350	4
2351	3
2352	1
2353	5
2354	3
2355	6
2356	4
2357	4
2358	5
2359	4
2360	1
2361	1
2362	2
2363	9
2364	3
2365	2
2366	7
2367	4
2368	2
2369	6
2370	1
2371	5
2372	1
2373	2
2374	8
2375	2
2376	5
2377	7
2378	8
2379	1
2380	2
2381	6
2382	10
2383	4
2384	3
2385	6
2386	6
2387	7
2388	1
2389	1
2390	6
2391	2
2392	3
2393	4
2394	2
2395	6
2396	2
2397	2
2398	8
2399	4
2400	4
2401	4
2402	4
2403	5
2404	5
2405	1
2406	8
2407	4
2408	3
2409	3
2410	5
2411	6
2412	6
2413	2
2414	6
2415	7
2416	3
2417	6
2418	4
2419	5
2420	1
2421	4
2422	5
2423	4
2424	2
2425	3
2426	1
2427	3
2428	4
2429	1
2430	5
2431	5
2432	5
2433	6
2434	4
2435	3
2436	8
2437	6
2438	1
2439	1
2440	4
2441	5
2442	4
2443	3
2444	4
2445	3
2446	2
2447	2
2448	3
2449	4
2450	2
2451	5
2452	3
2453	3
2454	5
2455	5
2456	5
2457	5
2458	4
2459	2
2460	6
2461	1
2462	2
2463	3
2464	3
2465	4
2466	1
2467	2
2468	6
2469	0
2470	4
2471	4
2472	2
2473	4
2474	5
2475	3
2476	6
2477	8
2478	1
2479	6
2480	1
2481	3
2482	6
2483	5
2484	1
2485	3
2486	8
2487	0
2488	2
2489	4
2490	3
2491	4
2492	5
2493	4
2494	6
2495	1
2496	9
2497	2
2498	4
2499	1
2500	4
2501	1
2502	4
2503	0
2504	6
2505	6
2506	2
2507	1
2508	5
2509	7
2510	3
2511	7
2512	6
2513	5
2514	3
2515	3
2516	3
2517	1
2518	4
2519	3
2520	4
2521	3
2522	4
2523	6
2524	2
2525	1
2526	4
2527	5
2528	7
2529	3
2530	5
2531	0
2532	4
2533	1
2534	7
2535	2
2536	3
2537	7
2538	2
2539	3
2540	5
2541	3
2542	3
2543	2
2544	4
2545	4
2546	1
2547	6
2548	4
2549	2
2550	5
2551	4
2552	2
2553	4
2554	1
2555	5
2556	2
2557	5
2558	9
2559	2
2560	3
2561	5
2562	5
2563	6
2564	9
2565	4
2566	5
2567	6
2568	2
2569	8
2570	1
2571	7
2572	6
2573	11
2574	2
2575	11
2576	3
2577	5
2578	5
2579	8
2580	3
2581	5
2582	6
2583	9
2584	7
2585	5
2586	4
2587	14
2588	3
2589	6
2590	7
2591	7
2592	2
2593	7
2594	6
2595	7
2596	7
2597	7
2598	11
2599	6
2600	4
2601	9
2602	6
2603	6
2604	6
2605	8
2606	6
2607	7
2608	7
2609	6
2610	7
2611	5
2612	9
2613	6
2614	10
2615	9
2616	3
2617	5
2618	4
2619	10
2620	9
2621	5
2622	1
2623	5
2624	5
2625	10
2626	8
2627	8
2628	3
2629	5
2630	7
2631	4
2632	3
2633	8
2634	5
2635	5
2636	8
2637	6
2638	7
2639	2
2640	4
2641	4
2642	1
2643	8
2644	4
2645	1
2646	5
2647	2
2648	4
2649	2
2650	4
2651	3
2652	4
2653	2
2654	2
2655	2
2656	6
2657	2
2658	4
2659	3
2660	2
2661	5
2662	9
2663	4
2664	5
2665	1
2666	2
2667	5
2668	7
2669	1
2670	4
2671	0
2672	1
2673	5
2674	3
2675	4
2676	3
2677	3
2678	5
2679	2
2680	1
2681	3
2682	2
2683	6
2684	4
2685	4
2686	2
2687	3
2688	6
2689	5
2690	3
2691	4
2692	2
2693	0
2694	2
2695	1
2696	5
2697	4
2698	4
2699	2
2700	7
2701	3
2702	2
2703	2
2704	3
2705	2
2706	3
2707	6
2708	2
2709	4
2710	4
2711	1
2712	5
2713	1
2714	1
2715	7
2716	6
2717	0
2718	1
2719	3
2720	3
2721	1
2722	3
2723	3
2724	2
2725	3
2726	1
2727	1
2728	2
2729	6
2730	1
2731	4
2732	6
2733	3
2734	7
2735	1
2736	3
2737	2
2738	8
2739	2
2740	4
2741	6
2742	5
2743	4
2744	5
2745	3
2746	2
2747	8
2748	2
2749	4
2750	3
2751	2
2752	3
2753	4
2754	5
2755	1
2756	6
2757	2
2758	3
2759	2
2760	7
2761	5
2762	3
2763	2
2764	3
2765	2
2766	4
2767	7
2768	2
2769	5
2770	2
2771	2
2772	5
2773	3
2774	4
2775	2
2776	3
2777	1
2778	3
2779	5
2780	3
2781	4
2782	2
2783	7
2784	3
2785	2
2786	2
2787	6
2788	1
2789	5
2790	5
2791	3
2792	1
2793	4
2794	4
2795	5
2796	2
2797	2
2798	2
2799	2
2800	3
2801	2
2802	5
2803	8
2804	5
2805	2
2806	1
2807	4
2808	1
2809	4
2810	2
2811	3
2812	2
2813	4
2814	2
2815	1
2816	2
2817	4
2818	4
2819	4
2820	1
2821	3
2822	2
2823	0
2824	4
2825	5
2826	3
2827	4
2828	1
2829	1
2830	4
2831	3
2832	3
2833	3
2834	3
2835	3
2836	2
2837	1
2838	4
2839	2
2840	5
2841	5
2842	2
2843	5
2844	1
2845	4
2846	4
2847	4
2848	4
2849	5
2850	3
2851	1
2852	3
2853	2
2854	3
2855	2
2856	3
2857	1
2858	4
2859	4
2860	4
2861	2
2862	5
2863	2
2864	2
2865	3
2866	3
2867	4
2868	4
2869	1
2870	8
2871	4
2872	2
2873	1
2874	5
2875	6
2876	3
2877	5
2878	5
2879	4
2880	3
2881	2
2882	2
2883	7
2884	2
2885	4
2886	1
2887	4
2888	5
2889	5
2890	4
2891	6
2892	5
2893	2
2894	2
2895	1
2896	2
2897	2
2898	3
2899	8
2900	1
2901	2
2902	6
2903	2
2904	4
2905	3
2906	3
2907	5
2908	3
2909	2
2910	5
2911	2
2912	7
2913	2
2914	3
2915	3
2916	1
2917	1
2918	1
2919	1
2920	2
2921	0
2922	5
2923	5
2924	3
2925	5
2926	4
2927	1
2928	4
2929	4
2930	8
2931	5
2932	3
2933	1
2934	2
2935	1
2936	6
2937	6
2938	4
2939	5
2940	3
2941	5
2942	4
2943	5
2944	1
2945	2
2946	4
2947	2
2948	3
2949	3
2950	5
2951	3
2952	4
2953	2
2954	2
2955	1
2956	1
2957	5
2958	1
2959	0
2960	2
2961	1
2962	2
2963	2
2964	2
2965	1
2966	8
2967	1
2968	3
2969	4
2970	1
2971	3
2972	5
2973	3
2974	4
2975	6
2976	3
2977	2
2978	1
2979	0
2980	1
2981	4
2982	1
2983	3
2984	3
2985	4
2986	4
2987	1
2988	6
2989	3
2990	1
2991	1
2992	5
2993	2
2994	2
2995	3
2996	4
2997	1
2998	3
2999	4
3000	3
3001	2
3002	4
3003	3
3004	4
3005	3
3006	1
3007	2
3008	3
3009	1
3010	2
3011	1
3012	8
3013	1
3014	4
3015	3
3016	3
3017	2
3018	3
3019	6
3020	11
3021	3
3022	4
3023	2
3024	4
3025	2
3026	1
3027	3
3028	2
3029	1
3030	5
3031	2
3032	4
3033	6
3034	4
3035	5
3036	3
3037	4
3038	2
3039	1
3040	5
3041	1
3042	4
3043	4
3044	5
3045	2
3046	1
3047	3
3048	1
3049	1
3050	5
3051	4
3052	4
3053	1
3054	2
3055	3
3056	4
3057	3
3058	3
3059	5
3060	2
3061	0
3062	4
3063	0
3064	4
3065	3
3066	1
3067	2
3068	5
3069	3
3070	0
3071	1
3072	2
3073	4
3074	2
3075	3
3076	7
3077	0
3078	1
3079	1
3080	1
3081	3
3082	3
3083	1
3084	1
3085	0
3086	4
3087	4
3088	5
3089	7
3090	5
3091	5
3092	4
3093	2
3094	4
3095	2
3096	1
3097	5
3098	3
3099	1
3100	3
3101	2
3102	1
3103	1
3104	0
3105	0
3106	0
3107	1
3108	3
3109	2
3110	3
3111	4
3112	2
3113	4
3114	3
3115	2
3116	3
3117	3
3118	1
3119	2
3120	2
3121	4
3122	2
3123	2
3124	2
3125	5
3126	4
3127	3
3128	1
3129	4
3130	3
3131	3
3132	5
3133	1
3134	5
3135	1
3136	1
3137	5
3138	2
3139	7
3140	2
3141	4
3142	2
3143	1
3144	6
3145	2
3146	0
3147	2
3148	5
3149	1
3150	3
3151	2
3152	3
3153	2
3154	3
3155	3
3156	3
3157	2
3158	3
3159	1
3160	2
3161	3
3162	0
3163	4
3164	2
3165	2
3166	1
3167	2
3168	1
3169	4
3170	4
3171	3
3172	3
3173	3
3174	6
3175	5
3176	1
3177	2
3178	0
3179	1
3180	2
3181	3
3182	5
3183	3
3184	1
3185	2
3186	4
3187	3
3188	4
3189	2
3190	3
3191	7
3192	1
3193	4
3194	1
3195	2
3196	2
3197	1
3198	2
3199	3
3200	0
3201	2
3202	4
3203	1
3204	5
3205	8
3206	5
3207	5
3208	1
3209	1
3210	2
3211	3
3212	5
3213	5
3214	7
3215	2
3216	3
3217	0
3218	2
3219	2
3220	5
3221	0
3222	1
3223	1
3224	4
3225	4
3226	2
3227	2
3228	4
3229	3
3230	5
3231	2
3232	1
3233	0
3234	5
3235	4
3236	6
3237	1
3238	4
3239	1
3240	0
3241	6
3242	1
3243	0
3244	3
3245	1
3246	2
3247	2
3248	2
3249	3
3250	2
3251	0
3252	3
3253	2
3254	6
3255	1
3256	1
3257	4
3258	2
3259	4
3260	2
3261	4
3262	0
3263	5
3264	4
3265	1
3266	2
3267	2
3268	1
3269	0
3270	1
3271	0
3272	5
3273	2
3274	0
3275	4
3276	2
3277	2
3278	0
3279	4
3280	2
3281	3
3282	2
3283	3
3284	1
3285	1
3286	1
3287	0
3288	1
3289	5
3290	4
3291	2
3292	0
3293	3
3294	6
3295	3
3296	1
3297	2
3298	3
3299	2
3300	5
3301	1
3302	2
3303	3
3304	3
3305	3
3306	1
3307	2
3308	1
3309	1
3310	2
3311	2
3312	1
3313	1
3314	4
3315	2
3316	2
3317	2
3318	0
3319	1
3320	0
3321	3
3322	3
3323	2
3324	3
3325	2
3326	0
3327	2
3328	1
3329	1
3330	0
3331	1
3332	3
3333	0
3334	3
3335	1
3336	3
3337	2
3338	1
3339	1
3340	2
3341	3
3342	1
3343	1
3344	1
3345	1
3346	0
3347	3
3348	1
3349	2
3350	0
3351	1
3352	1
3353	3
3354	4
3355	0
3356	3
3357	1
3358	0
3359	2
3360	2
3361	1
3362	2
3363	0
3364	2
3365	1
3366	3
3367	3
3368	2
3369	0
3370	0
3371	2
3372	0
3373	1
3374	1
3375	1
3376	3
3377	2
3378	0
3379	2
3380	2
3381	1
3382	2
3383	3
3384	0
3385	1
3386	1
3387	1
3388	1
3389	3
3390	0
3391	1
3392	1
3393	3
3394	0
3395	0
3396	1
3397	3
3398	0
3399	0
3400	3
3401	2
3402	2
3403	3
3404	0
3405	1
3406	4
3407	1
3408	0
3409	3
3410	2
3411	4
3412	3
3413	2
3414	2
3415	2
3416	4
3417	3
3418	0
3419	2
3420	0
3421	4
3422	2
3423	4
3424	5
3425	3
3426	3
3427	2
3428	0
3429	1
3430	1
3431	3
3432	2
3433	5
3434	3
3435	0
3436	2
3437	2
3438	4
3439	0
3440	2
3441	2
3442	0
3443	4
3444	0
3445	1
3446	4
3447	0
3448	1
3449	3
3450	0
3451	0
3452	1
3453	2
3454	1
3455	2
3456	1
3457	4
3458	2
3459	1
3460	2
3461	2
3462	1
3463	0
3464	2
3465	3
3466	2
3467	1
3468	4
3469	2
3470	2
3471	0
3472	5
3473	0
3474	0
3475	4
3476	2
3477	3
3478	2
3479	2
3480	0
3481	1
3482	0
3483	1
3484	2
3485	0
3486	2
3487	1
3488	0
3489	1
3490	2
3491	0
3492	2
3493	1
3494	1
3495	0
3496	2
3497	1
3498	0
3499	1
3500	1
3501	2
3502	2
3503	0
3504	1
3505	0
3506	1
3507	0
3508	2
3509	0
3510	1
3511	1
3512	2
3513	3
3514	0
3515	3
3516	0
3517	4
3518	1
3519	1
3520	0
3521	1
3522	0
3523	1
3524	1
3525	0
3526	2
3527	1
3528	1
3529	3
3530	1
3531	2
3532	0
3533	2
3534	1
3535	0
3536	2
3537	1
3538	3
3539	2
3540	1
3541	0
3542	1
3543	1
3544	6
3545	2
3546	2
3547	2
3548	2
3549	0
3550	1
3551	1
3552	2
3553	0
3554	1
3555	0
3556	2
3557	0
3558	4
3559	2
3560	0
3561	1
3562	0
3563	1
3564	1
3565	0
3566	1
3567	0
3568	2
3569	2
3570	0
3571	2
3572	1
3573	0
3574	0
3575	2
3576	1
3577	0
3578	0
3579	0
3580	2
3581	1
3582	0
3583	0
3584	0
3585	2
3586	1
3587	1
3588	1
3589	1
3590	1
3591	0
3592	0
3593	0
3594	3
3595	1
3596	1
3597	1
3598	1
3599	1
3600	1
3601	0
3602	1
3603	0
3604	0
3605	1
3606	0
3607	0
3608	1
3609	2
3610	1
3611	0
3612	0
3613	0
3614	1
3615	2
3616	0
3617	1
3618	1
3619	1
3620	2
3621	0
3622	0
3623	0
3624	1
3625	3
3626	1
3627	2
3628	2
3629	1
3630	0
3631	2
3632	1
3633	3
3634	1
3635	0
3636	0
3637	1
3638	1
3639	0
3640	0
3641	2
3642	2
3643	1
3644	1
3645	1
3646	1
3647	0
3648	0
3649	2
3650	2
3651	1
3652	0
3653	0
3654	0
3655	0
3656	0
3657	2
3658	2
3659	1
3660	2
3661	0
3662	1
3663	0
3664	1
3665	1
3666	1
3667	0
3668	0
3669	0
3670	3
3671	3
3672	0
3673	3
3674	0
3675	4
3676	0
3677	0
3678	1
3679	0
3680	0
3681	1
3682	1
3683	2
3684	3
3685	0
3686	1
3687	0
3688	3
3689	1
3690	1
3691	2
3692	0
3693	1
3694	0
3695	1
3696	0
3697	0
3698	0
3699	1
3700	0
3701	2
3702	0
3703	3
3704	0
3705	2
3706	1
3707	0
3708	1
3709	1
3710	0
3711	0
3712	1
3713	0
3714	1
3715	0
3716	0
3717	0
3718	3
3719	0
3720	2
3721	0
3722	0
3723	1
3724	1
3725	0
3726	1
3727	0
3728	0
3729	0
3730	1
3731	0
3732	0
3733	0
3734	1
3735	0
3736	0
3737	1
3738	0
3739	2
3740	1
3741	2
3742	2
3743	0
3744	0
3745	0
3746	0
3747	1
3748	1
3749	1
3750	1
3751	1
3752	0
3753	0
3754	1
3755	0
3756	1
3757	0
3758	0
3759	0
3760	1
3761	1
3762	0
3763	2
3764	1
3765	0
3766	2
3767	0
3768	1
3769	0
3770	0
3771	0
3772	0
3773	1
3774	1
3775	0
3776	1
3777	0
3778	1
3779	0
3780	0
3781	0
3782	0
3783	0
3784	1
3785	0
3786	0
3787	1
3788	2
3789	0
3790	1
3791	2
3792	1
3793	0
3794	1
3795	0
3796	0
3797	0
3798	0
3799	2
3800	3
3801	0
3802	1
3803	0
3804	0
3805	1
3806	0
3807	1
3808	0
3809	0
3810	0
3811	0
3812	2
3813	0
3814	2
3815	0
3816	1
3817	0
3818	0
3819	1
3820	0
3821	0
3822	2
3823	1
3824	2
3825	1
3826	0
3827	2
3828	0
3829	0
3830	1
3831	0
3832	0
3833	0
3834	0
3835	1
3836	4
3837	0
3838	0
3839	0
3840	1
3841	0
3842	0
3843	0
3844	0
3845	0
3846	0
3847	0
3848	0
3849	0
3850	0
3851	1
3852	1
3853	0
3854	0
3855	0
3856	0
3857	0
3858	0
3859	0
3860	0
3861	0
3862	0
3863	0
3864	0
3865	1
3866	1
3867	1
3868	1
3869	1
3870	0
3871	0
3872	0
3873	1
3874	0
3875	0
3876	0
3877	1
3878	0
3879	1
3880	0
3881	0
3882	0
3883	1
3884	0
3885	0
3886	0
3887	0
3888	0
3889	0
3890	0
3891	0
3892	0
3893	1
3894	0
3895	0
3896	0
3897	0
3898	0
3899	1
3900	0
3901	0
3902	0
3903	0
3904	0
3905	0
3906	1
3907	0
3908	0
3909	0
3910	0
3911	0
3912	0
3913	1
3914	0
3915	0
3916	1
3917	0
3918	0
3919	0
3920	0
3921	1
3922	0
3923	0
3924	0
3925	0
3926	0
3927	0
3928	0
3929	1
3930	0
3931	0
3932	0
3933	0
3934	0
3935	0
3936	1
3937	0
3938	0
3939	0
3940	0
3941	0
3942	0
3943	0
3944	0
3945	0
3946	0
3947	0
3948	0
3949	0
3950	0
3951	0
3952	0
3953	0
3954	0
3955	0
3956	0
3957	0
3958	0
3959	0
3960	0
3961	0
3962	0
3963	0
3964	0
3965	1
3966	0
3967	0
3968	0
3969	0
3970	0
3971	0
3972	0
3973	0
3974	0
3975	0
3976	0
3977	1
3978	0
3979	0
3980	0
3981	1
3982	0
3983	0
3984	0
3985	0
3986	0
3987	0
3988	0
3989	0
3990	0
3991	0
3992	0
3993	0
3994	0
3995	0
3996	0
3997	0
3998	0
3999	0
4000	0
