Channel number	Impulses
Channel/#	Impulses/#

0	0
1	0
2	0
3	0
4	0
5	0
6	0
7	0
8	0
9	0
10	0
11	0
12	0
13	0
14	0
15	0
16	0
17	0
18	0
19	0
20	0
21	0
22	0
23	0
24	0
25	0
26	0
27	0
28	0
29	0
30	0
31	0
32	0
33	0
34	0
35	0
36	0
37	0
38	0
39	0
40	0
41	0
42	0
43	0
44	0
45	0
46	0
47	0
48	0
49	0
50	0
51	0
52	1
53	1
54	1
55	1
56	5
57	1
58	1
59	1
60	4
61	3
62	3
63	1
64	1
65	1
66	2
67	2
68	0
69	2
70	1
71	2
72	2
73	6
74	3
75	3
76	6
77	3
78	3
79	2
80	2
81	0
82	9
83	0
84	1
85	3
86	5
87	4
88	3
89	1
90	4
91	2
92	4
93	3
94	5
95	2
96	3
97	2
98	4
99	2
100	4
101	2
102	1
103	0
104	0
105	2
106	2
107	2
108	2
109	0
110	3
111	1
112	1
113	1
114	1
115	2
116	3
117	4
118	4
119	3
120	2
121	0
122	5
123	3
124	2
125	2
126	2
127	5
128	2
129	3
130	2
131	2
132	1
133	2
134	1
135	3
136	3
137	4
138	1
139	0
140	2
141	1
142	3
143	2
144	1
145	4
146	2
147	2
148	2
149	4
150	3
151	0
152	1
153	1
154	2
155	0
156	1
157	1
158	2
159	5
160	2
161	1
162	0
163	2
164	1
165	1
166	4
167	2
168	1
169	2
170	2
171	2
172	4
173	2
174	4
175	2
176	0
177	1
178	1
179	2
180	3
181	0
182	3
183	1
184	2
185	0
186	1
187	0
188	3
189	6
190	2
191	0
192	5
193	1
194	1
195	0
196	3
197	2
198	1
199	0
200	2
201	1
202	3
203	2
204	2
205	2
206	2
207	3
208	3
209	1
210	0
211	4
212	2
213	0
214	1
215	2
216	1
217	0
218	1
219	0
220	0
221	2
222	3
223	3
224	1
225	0
226	2
227	0
228	0
229	2
230	0
231	1
232	0
233	2
234	0
235	0
236	0
237	1
238	1
239	2
240	1
241	0
242	2
243	2
244	0
245	1
246	1
247	0
248	1
249	0
250	3
251	2
252	4
253	0
254	1
255	4
256	1
257	0
258	1
259	2
260	0
261	0
262	1
263	0
264	0
265	1
266	1
267	0
268	2
269	2
270	2
271	0
272	0
273	0
274	2
275	1
276	0
277	0
278	0
279	0
280	2
281	1
282	1
283	0
284	2
285	0
286	1
287	2
288	1
289	1
290	0
291	1
292	0
293	0
294	2
295	2
296	3
297	1
298	1
299	0
300	1
301	2
302	1
303	0
304	1
305	4
306	3
307	2
308	0
309	0
310	1
311	1
312	1
313	0
314	0
315	0
316	0
317	0
318	2
319	2
320	2
321	2
322	1
323	1
324	2
325	0
326	0
327	0
328	1
329	1
330	2
331	1
332	0
333	0
334	1
335	1
336	0
337	0
338	1
339	0
340	1
341	0
342	3
343	0
344	2
345	1
346	1
347	1
348	3
349	0
350	2
351	0
352	2
353	0
354	0
355	0
356	2
357	0
358	1
359	1
360	1
361	1
362	0
363	1
364	2
365	3
366	0
367	2
368	1
369	0
370	2
371	2
372	3
373	0
374	2
375	0
376	1
377	0
378	0
379	3
380	0
381	1
382	2
383	1
384	0
385	1
386	2
387	0
388	2
389	1
390	2
391	0
392	0
393	2
394	0
395	1
396	2
397	1
398	3
399	1
400	0
401	0
402	0
403	0
404	0
405	0
406	2
407	1
408	0
409	0
410	2
411	1
412	0
413	2
414	0
415	1
416	1
417	0
418	1
419	0
420	0
421	3
422	2
423	0
424	0
425	2
426	2
427	1
428	0
429	2
430	3
431	0
432	0
433	0
434	2
435	1
436	0
437	0
438	2
439	0
440	2
441	0
442	2
443	1
444	1
445	1
446	0
447	1
448	0
449	1
450	0
451	0
452	0
453	2
454	1
455	1
456	1
457	1
458	0
459	0
460	0
461	0
462	2
463	2
464	1
465	1
466	1
467	1
468	1
469	0
470	2
471	1
472	0
473	1
474	2
475	0
476	1
477	1
478	1
479	0
480	1
481	3
482	0
483	3
484	2
485	1
486	1
487	1
488	2
489	0
490	2
491	1
492	1
493	1
494	0
495	3
496	0
497	2
498	0
499	2
500	3
501	0
502	3
503	0
504	0
505	0
506	0
507	1
508	0
509	0
510	0
511	1
512	0
513	0
514	0
515	0
516	2
517	0
518	2
519	1
520	2
521	2
522	1
523	0
524	0
525	0
526	1
527	1
528	0
529	2
530	2
531	1
532	0
533	0
534	0
535	0
536	1
537	1
538	0
539	0
540	1
541	0
542	1
543	1
544	0
545	2
546	0
547	0
548	1
549	0
550	0
551	0
552	0
553	1
554	1
555	0
556	0
557	1
558	0
559	1
560	1
561	1
562	0
563	0
564	0
565	1
566	0
567	0
568	2
569	1
570	1
571	1
572	1
573	0
574	2
575	0
576	0
577	2
578	1
579	1
580	2
581	0
582	2
583	0
584	0
585	1
586	0
587	0
588	0
589	1
590	0
591	0
592	2
593	0
594	1
595	1
596	0
597	0
598	1
599	1
600	0
601	1
602	3
603	0
604	2
605	1
606	1
607	0
608	2
609	1
610	0
611	1
612	0
613	0
614	0
615	1
616	0
617	0
618	0
619	0
620	0
621	1
622	1
623	2
624	1
625	0
626	2
627	1
628	1
629	0
630	1
631	1
632	0
633	1
634	1
635	1
636	0
637	0
638	0
639	0
640	0
641	1
642	0
643	0
644	2
645	0
646	1
647	0
648	0
649	0
650	0
651	0
652	1
653	1
654	0
655	0
656	0
657	0
658	2
659	0
660	2
661	0
662	0
663	0
664	0
665	0
666	0
667	0
668	0
669	0
670	1
671	2
672	1
673	0
674	1
675	1
676	0
677	1
678	1
679	0
680	0
681	3
682	0
683	0
684	0
685	1
686	0
687	0
688	0
689	1
690	0
691	3
692	1
693	0
694	1
695	1
696	0
697	0
698	1
699	1
700	2
701	0
702	0
703	2
704	0
705	0
706	0
707	0
708	0
709	1
710	1
711	0
712	1
713	0
714	0
715	0
716	0
717	0
718	1
719	2
720	0
721	1
722	0
723	0
724	1
725	2
726	0
727	3
728	0
729	0
730	2
731	0
732	1
733	0
734	2
735	1
736	0
737	2
738	3
739	0
740	2
741	0
742	0
743	0
744	0
745	2
746	0
747	0
748	0
749	2
750	0
751	0
752	0
753	0
754	1
755	2
756	1
757	1
758	0
759	2
760	2
761	3
762	0
763	0
764	1
765	0
766	1
767	2
768	0
769	0
770	0
771	2
772	1
773	1
774	0
775	0
776	1
777	1
778	0
779	1
780	0
781	0
782	0
783	6
784	4
785	0
786	1
787	2
788	1
789	0
790	2
791	1
792	0
793	1
794	0
795	0
796	1
797	1
798	1
799	0
800	0
801	3
802	1
803	1
804	2
805	0
806	0
807	1
808	1
809	2
810	0
811	0
812	1
813	0
814	3
815	1
816	1
817	3
818	0
819	2
820	1
821	0
822	0
823	0
824	4
825	2
826	0
827	1
828	2
829	2
830	3
831	1
832	1
833	1
834	2
835	0
836	1
837	2
838	2
839	0
840	1
841	1
842	1
843	1
844	4
845	0
846	5
847	3
848	1
849	5
850	2
851	0
852	7
853	1
854	0
855	3
856	4
857	2
858	1
859	1
860	3
861	0
862	1
863	5
864	2
865	1
866	1
867	3
868	3
869	0
870	4
871	1
872	2
873	1
874	5
875	2
876	3
877	0
878	2
879	2
880	2
881	1
882	2
883	3
884	3
885	0
886	2
887	1
888	3
889	0
890	0
891	0
892	2
893	2
894	3
895	2
896	1
897	2
898	0
899	2
900	0
901	0
902	1
903	2
904	2
905	2
906	0
907	0
908	4
909	2
910	1
911	3
912	1
913	1
914	1
915	0
916	1
917	0
918	2
919	0
920	0
921	1
922	1
923	1
924	1
925	1
926	1
927	3
928	1
929	0
930	2
931	0
932	0
933	0
934	1
935	0
936	0
937	0
938	1
939	1
940	0
941	1
942	2
943	0
944	0
945	1
946	1
947	2
948	0
949	1
950	1
951	0
952	1
953	2
954	0
955	2
956	2
957	3
958	1
959	1
960	1
961	0
962	2
963	0
964	0
965	0
966	2
967	0
968	0
969	1
970	3
971	3
972	0
973	0
974	0
975	1
976	5
977	1
978	0
979	3
980	1
981	1
982	1
983	1
984	2
985	1
986	1
987	1
988	2
989	2
990	2
991	2
992	0
993	1
994	2
995	1
996	2
997	1
998	2
999	1
1000	1
1001	0
1002	1
1003	1
1004	0
1005	0
1006	2
1007	2
1008	2
1009	0
1010	2
1011	3
1012	1
1013	0
1014	1
1015	0
1016	2
1017	0
1018	3
1019	1
1020	8
1021	3
1022	1
1023	1
1024	1
1025	3
1026	1
1027	2
1028	0
1029	1
1030	1
1031	0
1032	1
1033	0
1034	0
1035	1
1036	0
1037	0
1038	1
1039	0
1040	1
1041	1
1042	0
1043	2
1044	0
1045	2
1046	0
1047	0
1048	2
1049	5
1050	1
1051	2
1052	0
1053	1
1054	2
1055	2
1056	0
1057	1
1058	1
1059	1
1060	1
1061	2
1062	2
1063	1
1064	4
1065	2
1066	1
1067	0
1068	5
1069	1
1070	3
1071	2
1072	2
1073	0
1074	5
1075	1
1076	1
1077	5
1078	5
1079	0
1080	5
1081	1
1082	1
1083	2
1084	3
1085	0
1086	1
1087	2
1088	2
1089	1
1090	0
1091	1
1092	0
1093	1
1094	0
1095	2
1096	2
1097	1
1098	0
1099	1
1100	1
1101	2
1102	0
1103	3
1104	0
1105	2
1106	2
1107	1
1108	1
1109	1
1110	0
1111	1
1112	0
1113	1
1114	2
1115	3
1116	0
1117	2
1118	1
1119	4
1120	0
1121	2
1122	1
1123	3
1124	3
1125	3
1126	1
1127	1
1128	0
1129	1
1130	3
1131	2
1132	2
1133	1
1134	1
1135	3
1136	1
1137	2
1138	1
1139	0
1140	2
1141	2
1142	1
1143	1
1144	1
1145	1
1146	0
1147	1
1148	4
1149	4
1150	0
1151	5
1152	0
1153	1
1154	2
1155	3
1156	2
1157	1
1158	3
1159	0
1160	1
1161	3
1162	2
1163	3
1164	4
1165	2
1166	3
1167	4
1168	1
1169	3
1170	3
1171	3
1172	3
1173	0
1174	1
1175	1
1176	4
1177	1
1178	1
1179	2
1180	6
1181	0
1182	2
1183	4
1184	1
1185	1
1186	0
1187	0
1188	3
1189	2
1190	4
1191	1
1192	0
1193	3
1194	1
1195	1
1196	0
1197	4
1198	3
1199	4
1200	1
1201	0
1202	0
1203	3
1204	1
1205	1
1206	5
1207	4
1208	4
1209	3
1210	1
1211	0
1212	5
1213	1
1214	3
1215	4
1216	2
1217	1
1218	5
1219	3
1220	3
1221	0
1222	1
1223	2
1224	0
1225	1
1226	5
1227	3
1228	4
1229	0
1230	2
1231	1
1232	3
1233	3
1234	3
1235	3
1236	2
1237	2
1238	3
1239	1
1240	4
1241	2
1242	1
1243	1
1244	0
1245	1
1246	3
1247	3
1248	2
1249	1
1250	1
1251	0
1252	1
1253	2
1254	1
1255	4
1256	4
1257	3
1258	6
1259	5
1260	3
1261	1
1262	2
1263	1
1264	0
1265	4
1266	3
1267	2
1268	0
1269	1
1270	4
1271	2
1272	2
1273	5
1274	0
1275	3
1276	5
1277	1
1278	3
1279	5
1280	1
1281	2
1282	1
1283	1
1284	7
1285	3
1286	2
1287	1
1288	1
1289	4
1290	3
1291	2
1292	2
1293	1
1294	3
1295	4
1296	3
1297	8
1298	3
1299	1
1300	3
1301	5
1302	0
1303	3
1304	2
1305	7
1306	2
1307	3
1308	2
1309	2
1310	5
1311	3
1312	3
1313	3
1314	0
1315	1
1316	4
1317	5
1318	0
1319	0
1320	1
1321	6
1322	4
1323	3
1324	3
1325	3
1326	4
1327	2
1328	2
1329	1
1330	3
1331	6
1332	4
1333	2
1334	6
1335	6
1336	3
1337	3
1338	5
1339	2
1340	0
1341	3
1342	3
1343	4
1344	1
1345	3
1346	1
1347	1
1348	0
1349	3
1350	4
1351	0
1352	2
1353	3
1354	1
1355	2
1356	4
1357	3
1358	5
1359	5
1360	3
1361	3
1362	9
1363	3
1364	2
1365	3
1366	3
1367	2
1368	2
1369	4
1370	3
1371	5
1372	3
1373	2
1374	2
1375	5
1376	1
1377	4
1378	6
1379	2
1380	5
1381	4
1382	2
1383	3
1384	2
1385	3
1386	2
1387	4
1388	1
1389	2
1390	3
1391	0
1392	2
1393	3
1394	3
1395	8
1396	4
1397	4
1398	1
1399	6
1400	3
1401	1
1402	4
1403	2
1404	3
1405	2
1406	7
1407	2
1408	1
1409	2
1410	2
1411	1
1412	2
1413	8
1414	3
1415	1
1416	3
1417	2
1418	1
1419	2
1420	2
1421	2
1422	3
1423	1
1424	10
1425	4
1426	3
1427	5
1428	6
1429	3
1430	3
1431	2
1432	2
1433	2
1434	3
1435	5
1436	6
1437	4
1438	2
1439	6
1440	2
1441	2
1442	2
1443	2
1444	5
1445	0
1446	3
1447	2
1448	5
1449	2
1450	6
1451	2
1452	3
1453	4
1454	5
1455	3
1456	2
1457	4
1458	4
1459	4
1460	3
1461	3
1462	2
1463	0
1464	5
1465	4
1466	0
1467	5
1468	6
1469	3
1470	5
1471	1
1472	4
1473	3
1474	2
1475	0
1476	8
1477	4
1478	5
1479	1
1480	2
1481	4
1482	6
1483	3
1484	2
1485	3
1486	3
1487	2
1488	3
1489	4
1490	5
1491	4
1492	4
1493	3
1494	8
1495	2
1496	7
1497	1
1498	4
1499	2
1500	2
1501	1
1502	4
1503	6
1504	1
1505	4
1506	1
1507	2
1508	4
1509	4
1510	1
1511	4
1512	4
1513	3
1514	4
1515	4
1516	4
1517	3
1518	3
1519	9
1520	4
1521	1
1522	4
1523	5
1524	8
1525	1
1526	4
1527	1
1528	5
1529	6
1530	1
1531	2
1532	2
1533	1
1534	2
1535	4
1536	2
1537	2
1538	5
1539	4
1540	5
1541	5
1542	2
1543	2
1544	3
1545	1
1546	4
1547	5
1548	7
1549	2
1550	3
1551	5
1552	7
1553	3
1554	3
1555	3
1556	2
1557	3
1558	0
1559	1
1560	1
1561	5
1562	2
1563	4
1564	4
1565	5
1566	5
1567	3
1568	1
1569	0
1570	4
1571	1
1572	2
1573	3
1574	4
1575	9
1576	6
1577	2
1578	2
1579	5
1580	5
1581	3
1582	2
1583	1
1584	3
1585	4
1586	3
1587	4
1588	4
1589	5
1590	8
1591	5
1592	5
1593	8
1594	4
1595	3
1596	2
1597	7
1598	6
1599	3
1600	2
1601	6
1602	4
1603	5
1604	4
1605	8
1606	4
1607	1
1608	6
1609	4
1610	3
1611	4
1612	7
1613	4
1614	5
1615	5
1616	6
1617	4
1618	3
1619	5
1620	4
1621	5
1622	5
1623	5
1624	7
1625	5
1626	3
1627	11
1628	1
1629	2
1630	3
1631	3
1632	5
1633	2
1634	3
1635	3
1636	3
1637	5
1638	4
1639	8
1640	7
1641	2
1642	5
1643	3
1644	5
1645	4
1646	4
1647	2
1648	3
1649	8
1650	2
1651	5
1652	4
1653	6
1654	5
1655	2
1656	7
1657	4
1658	7
1659	2
1660	6
1661	3
1662	3
1663	2
1664	1
1665	8
1666	4
1667	4
1668	2
1669	0
1670	6
1671	2
1672	5
1673	4
1674	2
1675	3
1676	9
1677	5
1678	2
1679	2
1680	3
1681	4
1682	3
1683	6
1684	4
1685	4
1686	5
1687	3
1688	5
1689	8
1690	0
1691	7
1692	6
1693	4
1694	4
1695	4
1696	4
1697	3
1698	6
1699	7
1700	4
1701	7
1702	4
1703	2
1704	3
1705	7
1706	6
1707	5
1708	8
1709	3
1710	4
1711	6
1712	5
1713	3
1714	5
1715	1
1716	4
1717	0
1718	9
1719	4
1720	1
1721	6
1722	3
1723	8
1724	6
1725	2
1726	6
1727	4
1728	3
1729	4
1730	5
1731	5
1732	2
1733	8
1734	1
1735	3
1736	8
1737	5
1738	3
1739	2
1740	8
1741	7
1742	7
1743	2
1744	4
1745	6
1746	9
1747	2
1748	3
1749	7
1750	6
1751	2
1752	4
1753	5
1754	4
1755	4
1756	10
1757	5
1758	6
1759	3
1760	6
1761	5
1762	6
1763	8
1764	7
1765	5
1766	7
1767	8
1768	4
1769	7
1770	3
1771	4
1772	9
1773	5
1774	5
1775	6
1776	3
1777	7
1778	4
1779	8
1780	5
1781	2
1782	8
1783	4
1784	9
1785	3
1786	7
1787	7
1788	3
1789	8
1790	6
1791	6
1792	6
1793	8
1794	3
1795	5
1796	6
1797	5
1798	6
1799	2
1800	5
1801	5
1802	3
1803	8
1804	4
1805	9
1806	10
1807	4
1808	4
1809	7
1810	5
1811	4
1812	3
1813	6
1814	8
1815	2
1816	12
1817	7
1818	5
1819	4
1820	9
1821	4
1822	4
1823	6
1824	7
1825	6
1826	5
1827	8
1828	7
1829	4
1830	6
1831	3
1832	10
1833	9
1834	4
1835	8
1836	10
1837	12
1838	6
1839	1
1840	4
1841	6
1842	6
1843	6
1844	8
1845	3
1846	10
1847	7
1848	6
1849	8
1850	4
1851	9
1852	9
1853	9
1854	7
1855	11
1856	5
1857	3
1858	7
1859	5
1860	7
1861	2
1862	5
1863	6
1864	6
1865	5
1866	8
1867	8
1868	10
1869	12
1870	9
1871	5
1872	5
1873	6
1874	7
1875	14
1876	15
1877	7
1878	8
1879	7
1880	8
1881	11
1882	5
1883	9
1884	14
1885	3
1886	15
1887	7
1888	11
1889	7
1890	14
1891	6
1892	8
1893	6
1894	13
1895	8
1896	10
1897	10
1898	12
1899	11
1900	14
1901	12
1902	13
1903	8
1904	20
1905	9
1906	10
1907	9
1908	13
1909	15
1910	20
1911	8
1912	15
1913	16
1914	18
1915	19
1916	15
1917	15
1918	14
1919	13
1920	7
1921	23
1922	17
1923	20
1924	20
1925	19
1926	40
1927	16
1928	18
1929	32
1930	9
1931	16
1932	23
1933	25
1934	18
1935	12
1936	21
1937	23
1938	13
1939	37
1940	27
1941	17
1942	22
1943	12
1944	26
1945	30
1946	27
1947	25
1948	19
1949	28
1950	26
1951	26
1952	24
1953	27
1954	24
1955	29
1956	39
1957	19
1958	43
1959	26
1960	32
1961	29
1962	22
1963	20
1964	34
1965	23
1966	24
1967	16
1968	34
1969	23
1970	28
1971	31
1972	16
1973	22
1974	48
1975	14
1976	19
1977	29
1978	19
1979	27
1980	19
1981	18
1982	28
1983	24
1984	10
1985	16
1986	21
1987	24
1988	33
1989	19
1990	22
1991	12
1992	20
1993	21
1994	12
1995	11
1996	25
1997	26
1998	13
1999	14
2000	19
2001	13
2002	9
2003	17
2004	18
2005	9
2006	17
2007	12
2008	11
2009	18
2010	17
2011	17
2012	9
2013	13
2014	13
2015	17
2016	12
2017	11
2018	18
2019	14
2020	23
2021	12
2022	20
2023	15
2024	12
2025	15
2026	13
2027	9
2028	13
2029	12
2030	13
2031	5
2032	10
2033	12
2034	10
2035	13
2036	15
2037	10
2038	16
2039	7
2040	3
2041	15
2042	14
2043	15
2044	16
2045	10
2046	12
2047	8
2048	4
2049	10
2050	7
2051	12
2052	7
2053	6
2054	9
2055	10
2056	4
2057	9
2058	9
2059	8
2060	3
2061	8
2062	6
2063	5
2064	6
2065	5
2066	8
2067	8
2068	6
2069	6
2070	2
2071	5
2072	4
2073	5
2074	3
2075	2
2076	3
2077	6
2078	4
2079	8
2080	1
2081	6
2082	3
2083	3
2084	3
2085	5
2086	6
2087	3
2088	4
2089	1
2090	2
2091	7
2092	3
2093	4
2094	4
2095	7
2096	2
2097	2
2098	3
2099	4
2100	5
2101	5
2102	7
2103	4
2104	2
2105	7
2106	6
2107	5
2108	1
2109	5
2110	3
2111	8
2112	1
2113	6
2114	9
2115	6
2116	4
2117	4
2118	9
2119	2
2120	3
2121	5
2122	2
2123	4
2124	5
2125	9
2126	6
2127	9
2128	3
2129	3
2130	4
2131	7
2132	3
2133	3
2134	4
2135	5
2136	1
2137	6
2138	4
2139	5
2140	7
2141	7
2142	6
2143	9
2144	5
2145	9
2146	4
2147	4
2148	7
2149	8
2150	6
2151	8
2152	4
2153	6
2154	3
2155	5
2156	13
2157	4
2158	7
2159	1
2160	1
2161	2
2162	11
2163	5
2164	7
2165	5
2166	8
2167	10
2168	4
2169	6
2170	3
2171	7
2172	5
2173	6
2174	6
2175	12
2176	3
2177	5
2178	7
2179	12
2180	9
2181	8
2182	13
2183	8
2184	5
2185	12
2186	7
2187	7
2188	7
2189	5
2190	12
2191	12
2192	11
2193	9
2194	5
2195	6
2196	5
2197	5
2198	10
2199	3
2200	7
2201	10
2202	8
2203	8
2204	7
2205	11
2206	7
2207	14
2208	6
2209	16
2210	10
2211	8
2212	12
2213	2
2214	11
2215	10
2216	4
2217	8
2218	4
2219	9
2220	16
2221	6
2222	6
2223	7
2224	7
2225	6
2226	10
2227	4
2228	8
2229	3
2230	12
2231	7
2232	4
2233	7
2234	6
2235	8
2236	4
2237	6
2238	7
2239	4
2240	6
2241	9
2242	5
2243	7
2244	10
2245	6
2246	9
2247	9
2248	4
2249	5
2250	1
2251	8
2252	1
2253	7
2254	4
2255	4
2256	4
2257	6
2258	3
2259	6
2260	2
2261	4
2262	5
2263	7
2264	6
2265	8
2266	6
2267	5
2268	3
2269	5
2270	3
2271	8
2272	3
2273	6
2274	6
2275	4
2276	5
2277	11
2278	5
2279	3
2280	5
2281	8
2282	5
2283	3
2284	5
2285	4
2286	3
2287	3
2288	5
2289	6
2290	6
2291	6
2292	6
2293	4
2294	10
2295	4
2296	4
2297	10
2298	5
2299	6
2300	3
2301	2
2302	6
2303	1
2304	3
2305	3
2306	2
2307	5
2308	2
2309	3
2310	6
2311	2
2312	6
2313	3
2314	1
2315	7
2316	5
2317	9
2318	3
2319	4
2320	4
2321	5
2322	2
2323	2
2324	1
2325	2
2326	3
2327	5
2328	5
2329	4
2330	3
2331	1
2332	2
2333	4
2334	1
2335	3
2336	2
2337	6
2338	3
2339	2
2340	8
2341	1
2342	6
2343	4
2344	0
2345	4
2346	6
2347	2
2348	2
2349	4
2350	5
2351	3
2352	3
2353	3
2354	2
2355	7
2356	5
2357	2
2358	6
2359	3
2360	1
2361	8
2362	2
2363	6
2364	4
2365	4
2366	4
2367	4
2368	1
2369	3
2370	6
2371	5
2372	2
2373	1
2374	5
2375	3
2376	3
2377	6
2378	0
2379	2
2380	5
2381	5
2382	2
2383	4
2384	4
2385	5
2386	4
2387	5
2388	4
2389	0
2390	1
2391	2
2392	4
2393	6
2394	2
2395	5
2396	4
2397	5
2398	3
2399	1
2400	3
2401	3
2402	0
2403	0
2404	6
2405	0
2406	2
2407	6
2408	1
2409	5
2410	5
2411	3
2412	3
2413	6
2414	5
2415	2
2416	2
2417	4
2418	7
2419	5
2420	1
2421	2
2422	3
2423	4
2424	0
2425	1
2426	1
2427	5
2428	0
2429	4
2430	2
2431	2
2432	3
2433	4
2434	2
2435	0
2436	7
2437	2
2438	6
2439	0
2440	4
2441	1
2442	3
2443	2
2444	3
2445	2
2446	0
2447	3
2448	5
2449	2
2450	1
2451	2
2452	2
2453	1
2454	2
2455	3
2456	6
2457	4
2458	1
2459	1
2460	5
2461	1
2462	3
2463	5
2464	2
2465	2
2466	3
2467	6
2468	8
2469	1
2470	3
2471	1
2472	2
2473	3
2474	3
2475	2
2476	4
2477	5
2478	4
2479	1
2480	5
2481	6
2482	3
2483	4
2484	1
2485	2
2486	4
2487	1
2488	2
2489	2
2490	3
2491	3
2492	0
2493	4
2494	3
2495	6
2496	5
2497	3
2498	3
2499	0
2500	6
2501	1
2502	3
2503	5
2504	3
2505	7
2506	1
2507	2
2508	1
2509	2
2510	6
2511	4
2512	2
2513	0
2514	2
2515	4
2516	2
2517	1
2518	5
2519	2
2520	4
2521	2
2522	3
2523	5
2524	2
2525	2
2526	1
2527	3
2528	2
2529	4
2530	5
2531	5
2532	0
2533	2
2534	4
2535	4
2536	6
2537	3
2538	2
2539	1
2540	2
2541	6
2542	4
2543	2
2544	3
2545	4
2546	7
2547	1
2548	3
2549	2
2550	3
2551	9
2552	2
2553	2
2554	6
2555	7
2556	2
2557	4
2558	6
2559	5
2560	1
2561	5
2562	4
2563	3
2564	7
2565	1
2566	3
2567	2
2568	2
2569	5
2570	4
2571	5
2572	9
2573	9
2574	10
2575	3
2576	3
2577	2
2578	6
2579	12
2580	7
2581	2
2582	2
2583	4
2584	2
2585	4
2586	5
2587	9
2588	4
2589	3
2590	6
2591	4
2592	8
2593	9
2594	6
2595	6
2596	8
2597	4
2598	5
2599	8
2600	3
2601	9
2602	1
2603	4
2604	4
2605	7
2606	6
2607	3
2608	4
2609	6
2610	4
2611	6
2612	5
2613	5
2614	7
2615	2
2616	5
2617	5
2618	3
2619	4
2620	5
2621	5
2622	2
2623	3
2624	6
2625	2
2626	4
2627	1
2628	1
2629	4
2630	6
2631	3
2632	3
2633	5
2634	1
2635	3
2636	5
2637	7
2638	4
2639	2
2640	5
2641	4
2642	4
2643	1
2644	2
2645	2
2646	5
2647	0
2648	6
2649	2
2650	6
2651	3
2652	4
2653	4
2654	3
2655	3
2656	3
2657	6
2658	1
2659	5
2660	3
2661	5
2662	1
2663	4
2664	2
2665	1
2666	4
2667	6
2668	1
2669	4
2670	3
2671	2
2672	3
2673	1
2674	3
2675	0
2676	1
2677	2
2678	2
2679	3
2680	1
2681	1
2682	5
2683	5
2684	2
2685	2
2686	5
2687	7
2688	3
2689	0
2690	4
2691	2
2692	3
2693	2
2694	4
2695	4
2696	1
2697	2
2698	2
2699	3
2700	7
2701	3
2702	1
2703	0
2704	4
2705	3
2706	1
2707	6
2708	5
2709	3
2710	5
2711	3
2712	4
2713	2
2714	4
2715	2
2716	0
2717	2
2718	4
2719	1
2720	0
2721	3
2722	2
2723	1
2724	2
2725	4
2726	7
2727	3
2728	1
2729	1
2730	3
2731	4
2732	1
2733	0
2734	3
2735	1
2736	2
2737	2
2738	5
2739	2
2740	4
2741	2
2742	4
2743	3
2744	0
2745	3
2746	3
2747	5
2748	3
2749	4
2750	4
2751	0
2752	2
2753	4
2754	3
2755	3
2756	4
2757	7
2758	4
2759	2
2760	1
2761	3
2762	3
2763	2
2764	3
2765	5
2766	2
2767	1
2768	4
2769	2
2770	4
2771	2
2772	0
2773	2
2774	6
2775	2
2776	2
2777	4
2778	2
2779	4
2780	3
2781	3
2782	3
2783	3
2784	2
2785	1
2786	5
2787	2
2788	3
2789	2
2790	4
2791	2
2792	2
2793	1
2794	2
2795	1
2796	3
2797	2
2798	4
2799	3
2800	1
2801	3
2802	9
2803	3
2804	4
2805	3
2806	3
2807	2
2808	2
2809	1
2810	3
2811	4
2812	4
2813	3
2814	1
2815	0
2816	4
2817	1
2818	1
2819	3
2820	3
2821	3
2822	3
2823	1
2824	3
2825	3
2826	3
2827	2
2828	1
2829	3
2830	1
2831	1
2832	4
2833	3
2834	2
2835	2
2836	1
2837	1
2838	4
2839	3
2840	1
2841	2
2842	3
2843	3
2844	3
2845	3
2846	4
2847	3
2848	2
2849	4
2850	6
2851	1
2852	5
2853	4
2854	3
2855	5
2856	4
2857	7
2858	2
2859	2
2860	5
2861	2
2862	2
2863	2
2864	2
2865	2
2866	3
2867	2
2868	1
2869	1
2870	4
2871	3
2872	3
2873	5
2874	1
2875	2
2876	4
2877	3
2878	0
2879	1
2880	6
2881	2
2882	2
2883	2
2884	4
2885	2
2886	3
2887	1
2888	4
2889	2
2890	1
2891	2
2892	3
2893	4
2894	6
2895	2
2896	2
2897	2
2898	1
2899	1
2900	1
2901	2
2902	0
2903	2
2904	2
2905	3
2906	3
2907	4
2908	1
2909	2
2910	1
2911	4
2912	4
2913	3
2914	4
2915	2
2916	3
2917	2
2918	6
2919	6
2920	0
2921	3
2922	2
2923	3
2924	7
2925	3
2926	2
2927	0
2928	3
2929	4
2930	3
2931	4
2932	3
2933	3
2934	5
2935	0
2936	3
2937	4
2938	2
2939	2
2940	3
2941	3
2942	1
2943	5
2944	3
2945	1
2946	2
2947	3
2948	4
2949	2
2950	6
2951	1
2952	0
2953	5
2954	1
2955	1
2956	2
2957	4
2958	2
2959	3
2960	3
2961	3
2962	5
2963	2
2964	2
2965	2
2966	5
2967	2
2968	1
2969	3
2970	1
2971	4
2972	6
2973	2
2974	4
2975	2
2976	4
2977	1
2978	3
2979	1
2980	1
2981	0
2982	5
2983	1
2984	3
2985	3
2986	6
2987	3
2988	2
2989	2
2990	4
2991	0
2992	1
2993	2
2994	4
2995	2
2996	3
2997	2
2998	2
2999	1
3000	2
3001	2
3002	0
3003	2
3004	1
3005	3
3006	2
3007	2
3008	7
3009	1
3010	5
3011	3
3012	2
3013	2
3014	5
3015	1
3016	1
3017	3
3018	2
3019	2
3020	8
3021	2
3022	0
3023	0
3024	2
3025	6
3026	2
3027	2
3028	3
3029	0
3030	3
3031	2
3032	4
3033	3
3034	1
3035	2
3036	2
3037	4
3038	5
3039	2
3040	3
3041	2
3042	3
3043	4
3044	6
3045	1
3046	5
3047	1
3048	2
3049	3
3050	3
3051	0
3052	3
3053	2
3054	1
3055	1
3056	3
3057	4
3058	3
3059	3
3060	0
3061	4
3062	6
3063	1
3064	5
3065	2
3066	3
3067	1
3068	3
3069	4
3070	2
3071	1
3072	3
3073	4
3074	0
3075	3
3076	3
3077	3
3078	1
3079	2
3080	1
3081	2
3082	5
3083	0
3084	2
3085	3
3086	1
3087	3
3088	4
3089	0
3090	1
3091	2
3092	5
3093	4
3094	4
3095	1
3096	2
3097	3
3098	0
3099	2
3100	3
3101	4
3102	2
3103	1
3104	1
3105	3
3106	2
3107	3
3108	1
3109	2
3110	1
3111	0
3112	1
3113	1
3114	2
3115	1
3116	2
3117	1
3118	1
3119	3
3120	2
3121	2
3122	0
3123	4
3124	1
3125	0
3126	2
3127	0
3128	1
3129	3
3130	4
3131	1
3132	4
3133	2
3134	1
3135	0
3136	2
3137	1
3138	2
3139	0
3140	2
3141	3
3142	3
3143	2
3144	1
3145	1
3146	0
3147	2
3148	1
3149	0
3150	0
3151	1
3152	1
3153	2
3154	2
3155	2
3156	3
3157	3
3158	0
3159	1
3160	3
3161	1
3162	2
3163	1
3164	2
3165	3
3166	4
3167	2
3168	1
3169	2
3170	1
3171	1
3172	2
3173	3
3174	4
3175	0
3176	1
3177	6
3178	2
3179	3
3180	2
3181	0
3182	1
3183	1
3184	2
3185	0
3186	0
3187	2
3188	1
3189	0
3190	2
3191	2
3192	4
3193	5
3194	3
3195	4
3196	2
3197	1
3198	4
3199	1
3200	1
3201	2
3202	1
3203	2
3204	3
3205	1
3206	2
3207	1
3208	0
3209	1
3210	0
3211	2
3212	4
3213	2
3214	0
3215	2
3216	4
3217	3
3218	2
3219	3
3220	1
3221	0
3222	3
3223	1
3224	0
3225	1
3226	1
3227	1
3228	2
3229	1
3230	1
3231	1
3232	3
3233	1
3234	2
3235	1
3236	5
3237	0
3238	4
3239	2
3240	0
3241	2
3242	0
3243	1
3244	3
3245	3
3246	1
3247	0
3248	0
3249	2
3250	6
3251	2
3252	3
3253	1
3254	1
3255	4
3256	1
3257	1
3258	1
3259	0
3260	0
3261	1
3262	5
3263	2
3264	2
3265	2
3266	2
3267	1
3268	2
3269	1
3270	1
3271	1
3272	2
3273	3
3274	2
3275	2
3276	4
3277	0
3278	2
3279	1
3280	0
3281	0
3282	4
3283	0
3284	0
3285	0
3286	2
3287	4
3288	4
3289	8
3290	2
3291	0
3292	1
3293	3
3294	2
3295	1
3296	1
3297	3
3298	2
3299	1
3300	0
3301	2
3302	2
3303	1
3304	0
3305	4
3306	2
3307	0
3308	1
3309	0
3310	1
3311	0
3312	3
3313	4
3314	4
3315	1
3316	1
3317	4
3318	3
3319	1
3320	1
3321	1
3322	1
3323	0
3324	1
3325	2
3326	1
3327	0
3328	1
3329	3
3330	1
3331	2
3332	0
3333	3
3334	2
3335	0
3336	0
3337	2
3338	1
3339	0
3340	5
3341	2
3342	2
3343	0
3344	1
3345	1
3346	3
3347	1
3348	1
3349	1
3350	0
3351	2
3352	0
3353	2
3354	2
3355	0
3356	2
3357	1
3358	0
3359	0
3360	1
3361	1
3362	3
3363	0
3364	2
3365	0
3366	0
3367	0
3368	3
3369	2
3370	1
3371	1
3372	2
3373	0
3374	3
3375	2
3376	1
3377	0
3378	2
3379	0
3380	1
3381	2
3382	2
3383	0
3384	0
3385	3
3386	0
3387	0
3388	1
3389	1
3390	0
3391	2
3392	2
3393	1
3394	1
3395	2
3396	1
3397	1
3398	0
3399	1
3400	1
3401	1
3402	1
3403	1
3404	2
3405	1
3406	1
3407	1
3408	1
3409	0
3410	0
3411	0
3412	1
3413	0
3414	1
3415	1
3416	2
3417	0
3418	2
3419	1
3420	3
3421	4
3422	0
3423	3
3424	1
3425	1
3426	2
3427	1
3428	0
3429	1
3430	2
3431	1
3432	1
3433	2
3434	1
3435	2
3436	0
3437	0
3438	1
3439	5
3440	0
3441	1
3442	1
3443	0
3444	1
3445	1
3446	4
3447	1
3448	0
3449	0
3450	0
3451	1
3452	2
3453	0
3454	1
3455	0
3456	1
3457	2
3458	1
3459	1
3460	0
3461	0
3462	2
3463	2
3464	0
3465	1
3466	0
3467	3
3468	1
3469	0
3470	0
3471	0
3472	1
3473	0
3474	3
3475	3
3476	1
3477	0
3478	1
3479	1
3480	0
3481	2
3482	1
3483	1
3484	1
3485	1
3486	2
3487	0
3488	0
3489	1
3490	0
3491	0
3492	0
3493	1
3494	2
3495	1
3496	0
3497	1
3498	2
3499	3
3500	0
3501	1
3502	2
3503	2
3504	1
3505	0
3506	0
3507	3
3508	0
3509	0
3510	0
3511	2
3512	1
3513	0
3514	1
3515	2
3516	3
3517	1
3518	1
3519	1
3520	0
3521	0
3522	2
3523	1
3524	1
3525	1
3526	1
3527	2
3528	3
3529	0
3530	0
3531	0
3532	1
3533	1
3534	1
3535	0
3536	1
3537	1
3538	1
3539	3
3540	0
3541	1
3542	1
3543	0
3544	1
3545	0
3546	1
3547	1
3548	0
3549	2
3550	0
3551	0
3552	0
3553	2
3554	1
3555	0
3556	3
3557	1
3558	1
3559	1
3560	1
3561	1
3562	0
3563	0
3564	2
3565	2
3566	0
3567	3
3568	0
3569	0
3570	0
3571	1
3572	1
3573	0
3574	3
3575	0
3576	1
3577	0
3578	0
3579	0
3580	2
3581	4
3582	0
3583	1
3584	0
3585	1
3586	0
3587	0
3588	1
3589	0
3590	1
3591	1
3592	0
3593	1
3594	1
3595	0
3596	1
3597	1
3598	1
3599	1
3600	0
3601	0
3602	0
3603	2
3604	0
3605	0
3606	0
3607	2
3608	1
3609	0
3610	0
3611	1
3612	1
3613	0
3614	0
3615	1
3616	1
3617	0
3618	2
3619	1
3620	0
3621	0
3622	0
3623	0
3624	1
3625	0
3626	1
3627	0
3628	0
3629	0
3630	1
3631	1
3632	0
3633	0
3634	3
3635	1
3636	1
3637	0
3638	1
3639	1
3640	1
3641	0
3642	0
3643	1
3644	0
3645	2
3646	1
3647	0
3648	0
3649	0
3650	0
3651	0
3652	1
3653	2
3654	0
3655	1
3656	0
3657	1
3658	0
3659	0
3660	2
3661	0
3662	0
3663	0
3664	0
3665	2
3666	0
3667	0
3668	2
3669	0
3670	0
3671	0
3672	0
3673	1
3674	0
3675	1
3676	0
3677	0
3678	1
3679	1
3680	0
3681	0
3682	0
3683	0
3684	0
3685	0
3686	0
3687	0
3688	1
3689	0
3690	0
3691	0
3692	0
3693	0
3694	1
3695	0
3696	0
3697	0
3698	1
3699	0
3700	0
3701	0
3702	0
3703	0
3704	0
3705	1
3706	0
3707	1
3708	0
3709	0
3710	1
3711	1
3712	0
3713	0
3714	1
3715	0
3716	0
3717	0
3718	0
3719	0
3720	0
3721	1
3722	1
3723	0
3724	1
3725	0
3726	0
3727	0
3728	0
3729	1
3730	1
3731	0
3732	0
3733	0
3734	1
3735	1
3736	2
3737	1
3738	0
3739	0
3740	0
3741	2
3742	0
3743	2
3744	0
3745	0
3746	1
3747	0
3748	1
3749	0
3750	2
3751	0
3752	0
3753	0
3754	0
3755	1
3756	0
3757	0
3758	0
3759	1
3760	0
3761	0
3762	1
3763	0
3764	0
3765	0
3766	1
3767	0
3768	1
3769	1
3770	0
3771	0
3772	0
3773	1
3774	0
3775	0
3776	0
3777	0
3778	0
3779	1
3780	0
3781	1
3782	0
3783	0
3784	0
3785	0
3786	0
3787	1
3788	3
3789	0
3790	0
3791	0
3792	0
3793	0
3794	1
3795	0
3796	0
3797	1
3798	1
3799	0
3800	0
3801	0
3802	0
3803	0
3804	0
3805	0
3806	0
3807	0
3808	0
3809	0
3810	0
3811	0
3812	0
3813	0
3814	0
3815	0
3816	1
3817	1
3818	1
3819	0
3820	2
3821	0
3822	0
3823	0
3824	0
3825	0
3826	0
3827	0
3828	0
3829	0
3830	1
3831	0
3832	0
3833	1
3834	0
3835	0
3836	0
3837	0
3838	1
3839	0
3840	0
3841	0
3842	0
3843	1
3844	0
3845	0
3846	0
3847	0
3848	1
3849	1
3850	1
3851	0
3852	0
3853	0
3854	0
3855	0
3856	0
3857	0
3858	1
3859	1
3860	0
3861	0
3862	0
3863	0
3864	0
3865	0
3866	0
3867	0
3868	0
3869	0
3870	0
3871	0
3872	1
3873	0
3874	0
3875	1
3876	0
3877	0
3878	0
3879	0
3880	0
3881	0
3882	0
3883	0
3884	0
3885	0
3886	1
3887	0
3888	0
3889	0
3890	0
3891	0
3892	0
3893	0
3894	0
3895	0
3896	0
3897	0
3898	0
3899	0
3900	0
3901	0
3902	1
3903	0
3904	0
3905	0
3906	0
3907	0
3908	0
3909	0
3910	0
3911	0
3912	0
3913	0
3914	0
3915	0
3916	0
3917	0
3918	0
3919	0
3920	0
3921	0
3922	0
3923	0
3924	0
3925	0
3926	0
3927	0
3928	0
3929	0
3930	0
3931	0
3932	0
3933	0
3934	0
3935	0
3936	0
3937	0
3938	0
3939	0
3940	0
3941	0
3942	0
3943	0
3944	0
3945	0
3946	0
3947	0
3948	0
3949	0
3950	0
3951	0
3952	0
3953	0
3954	0
3955	0
3956	0
3957	0
3958	0
3959	0
3960	0
3961	0
3962	0
3963	0
3964	0
3965	0
3966	0
3967	0
3968	0
3969	0
3970	0
3971	0
3972	0
3973	0
3974	0
3975	0
3976	0
3977	0
3978	0
3979	0
3980	0
3981	0
3982	0
3983	0
3984	0
3985	0
3986	0
3987	0
3988	0
3989	0
3990	0
3991	0
3992	0
3993	0
3994	0
3995	0
3996	0
3997	0
3998	0
3999	0
4000	0
