Channel number	Impulses
Channel/#	Impulses/#

0	0
1	0
2	0
3	0
4	0
5	0
6	0
7	0
8	0
9	0
10	0
11	0
12	0
13	0
14	0
15	0
16	0
17	0
18	0
19	0
20	0
21	0
22	0
23	0
24	0
25	0
26	0
27	0
28	0
29	0
30	0
31	0
32	0
33	0
34	0
35	0
36	0
37	0
38	0
39	0
40	0
41	0
42	0
43	0
44	0
45	0
46	0
47	0
48	0
49	0
50	0
51	0
52	0
53	1
54	2
55	1
56	2
57	2
58	3
59	4
60	2
61	2
62	3
63	5
64	2
65	4
66	5
67	0
68	3
69	0
70	3
71	2
72	2
73	2
74	2
75	2
76	3
77	5
78	4
79	3
80	1
81	1
82	5
83	2
84	2
85	3
86	2
87	1
88	4
89	2
90	3
91	2
92	1
93	2
94	1
95	4
96	1
97	2
98	2
99	5
100	1
101	0
102	3
103	4
104	4
105	3
106	1
107	1
108	1
109	0
110	4
111	2
112	2
113	3
114	2
115	2
116	4
117	1
118	0
119	4
120	1
121	2
122	1
123	0
124	2
125	3
126	0
127	2
128	1
129	2
130	2
131	2
132	3
133	0
134	3
135	3
136	2
137	0
138	4
139	2
140	0
141	3
142	2
143	2
144	0
145	0
146	3
147	1
148	2
149	3
150	2
151	0
152	4
153	1
154	0
155	2
156	4
157	2
158	1
159	0
160	0
161	0
162	0
163	2
164	1
165	1
166	1
167	1
168	4
169	0
170	1
171	2
172	3
173	2
174	4
175	5
176	1
177	2
178	3
179	1
180	1
181	3
182	2
183	2
184	0
185	0
186	0
187	3
188	1
189	2
190	1
191	1
192	1
193	2
194	1
195	1
196	3
197	0
198	3
199	2
200	1
201	1
202	1
203	0
204	1
205	1
206	2
207	3
208	2
209	2
210	1
211	2
212	1
213	2
214	0
215	1
216	0
217	2
218	2
219	2
220	1
221	1
222	3
223	1
224	4
225	5
226	1
227	1
228	1
229	0
230	4
231	1
232	0
233	2
234	2
235	2
236	2
237	2
238	0
239	0
240	1
241	0
242	1
243	2
244	5
245	1
246	1
247	1
248	0
249	0
250	0
251	1
252	1
253	1
254	0
255	0
256	1
257	0
258	0
259	2
260	0
261	3
262	4
263	2
264	3
265	2
266	0
267	0
268	3
269	1
270	1
271	1
272	0
273	0
274	1
275	1
276	0
277	1
278	3
279	0
280	1
281	0
282	1
283	0
284	2
285	1
286	1
287	3
288	2
289	3
290	1
291	1
292	3
293	2
294	2
295	2
296	1
297	0
298	0
299	3
300	1
301	1
302	1
303	2
304	2
305	0
306	0
307	2
308	1
309	0
310	1
311	1
312	0
313	0
314	1
315	2
316	0
317	1
318	0
319	0
320	0
321	1
322	0
323	1
324	1
325	0
326	1
327	1
328	0
329	1
330	1
331	1
332	1
333	0
334	1
335	2
336	0
337	0
338	0
339	0
340	0
341	0
342	2
343	3
344	2
345	0
346	1
347	2
348	0
349	2
350	4
351	0
352	0
353	2
354	1
355	0
356	0
357	0
358	0
359	1
360	1
361	1
362	0
363	1
364	2
365	0
366	0
367	4
368	1
369	0
370	0
371	1
372	0
373	0
374	2
375	0
376	1
377	1
378	2
379	1
380	1
381	1
382	1
383	0
384	2
385	1
386	1
387	1
388	3
389	0
390	1
391	1
392	3
393	1
394	0
395	0
396	0
397	1
398	0
399	0
400	0
401	2
402	0
403	0
404	0
405	1
406	2
407	3
408	1
409	0
410	1
411	1
412	0
413	0
414	2
415	2
416	0
417	0
418	0
419	0
420	1
421	1
422	2
423	0
424	0
425	1
426	0
427	0
428	2
429	0
430	0
431	0
432	2
433	0
434	0
435	0
436	0
437	1
438	1
439	0
440	0
441	2
442	0
443	1
444	1
445	0
446	0
447	2
448	1
449	2
450	2
451	1
452	1
453	2
454	1
455	2
456	1
457	0
458	4
459	0
460	2
461	0
462	1
463	1
464	0
465	0
466	0
467	0
468	0
469	1
470	0
471	0
472	1
473	0
474	1
475	0
476	0
477	0
478	1
479	0
480	1
481	0
482	0
483	0
484	0
485	0
486	0
487	0
488	1
489	2
490	0
491	0
492	1
493	0
494	3
495	0
496	0
497	3
498	0
499	0
500	1
501	0
502	1
503	2
504	0
505	0
506	0
507	1
508	0
509	0
510	0
511	1
512	0
513	0
514	2
515	1
516	2
517	0
518	2
519	2
520	3
521	3
522	0
523	0
524	0
525	1
526	0
527	1
528	0
529	3
530	4
531	1
532	2
533	1
534	0
535	0
536	1
537	1
538	1
539	0
540	2
541	0
542	1
543	1
544	0
545	0
546	0
547	1
548	1
549	3
550	2
551	2
552	0
553	3
554	2
555	0
556	1
557	1
558	1
559	0
560	0
561	1
562	2
563	0
564	3
565	2
566	0
567	0
568	0
569	0
570	0
571	1
572	4
573	1
574	0
575	2
576	0
577	0
578	3
579	2
580	0
581	0
582	1
583	1
584	0
585	1
586	1
587	2
588	1
589	0
590	0
591	0
592	1
593	0
594	0
595	0
596	0
597	1
598	0
599	0
600	0
601	0
602	1
603	0
604	2
605	0
606	0
607	0
608	1
609	0
610	0
611	3
612	1
613	1
614	1
615	0
616	1
617	0
618	1
619	0
620	3
621	1
622	0
623	0
624	1
625	0
626	0
627	1
628	1
629	0
630	1
631	0
632	0
633	1
634	1
635	1
636	0
637	0
638	1
639	1
640	0
641	2
642	1
643	0
644	2
645	0
646	0
647	0
648	2
649	0
650	1
651	1
652	1
653	0
654	0
655	0
656	0
657	1
658	2
659	0
660	2
661	0
662	0
663	1
664	1
665	1
666	1
667	0
668	0
669	0
670	0
671	1
672	2
673	1
674	1
675	0
676	0
677	1
678	1
679	0
680	0
681	0
682	0
683	0
684	2
685	0
686	1
687	0
688	1
689	0
690	2
691	0
692	1
693	1
694	0
695	1
696	0
697	1
698	1
699	1
700	0
701	0
702	1
703	0
704	0
705	1
706	4
707	1
708	2
709	0
710	2
711	0
712	1
713	1
714	0
715	1
716	0
717	1
718	0
719	0
720	0
721	0
722	0
723	1
724	1
725	0
726	2
727	0
728	1
729	1
730	0
731	1
732	3
733	0
734	1
735	1
736	0
737	1
738	2
739	0
740	1
741	1
742	2
743	0
744	0
745	1
746	1
747	0
748	1
749	0
750	2
751	0
752	1
753	0
754	1
755	0
756	0
757	1
758	0
759	0
760	0
761	1
762	0
763	1
764	2
765	1
766	0
767	0
768	0
769	1
770	0
771	0
772	2
773	1
774	0
775	0
776	1
777	1
778	0
779	1
780	2
781	0
782	1
783	1
784	1
785	0
786	2
787	1
788	0
789	1
790	2
791	2
792	0
793	1
794	2
795	1
796	6
797	0
798	0
799	0
800	0
801	1
802	1
803	1
804	0
805	0
806	0
807	1
808	0
809	1
810	0
811	1
812	0
813	2
814	2
815	0
816	0
817	3
818	0
819	1
820	2
821	0
822	0
823	0
824	3
825	2
826	3
827	1
828	1
829	1
830	1
831	2
832	1
833	0
834	0
835	2
836	2
837	3
838	1
839	0
840	0
841	1
842	0
843	1
844	0
845	1
846	1
847	0
848	3
849	2
850	2
851	2
852	2
853	0
854	2
855	0
856	1
857	1
858	3
859	1
860	1
861	3
862	1
863	0
864	1
865	2
866	2
867	1
868	1
869	1
870	0
871	0
872	0
873	1
874	2
875	0
876	1
877	1
878	1
879	2
880	2
881	0
882	6
883	2
884	2
885	3
886	0
887	2
888	1
889	3
890	1
891	2
892	6
893	0
894	1
895	2
896	3
897	1
898	1
899	1
900	0
901	0
902	0
903	3
904	2
905	3
906	2
907	1
908	0
909	1
910	2
911	1
912	1
913	0
914	2
915	0
916	2
917	1
918	1
919	0
920	0
921	2
922	0
923	3
924	4
925	1
926	0
927	0
928	0
929	1
930	1
931	2
932	1
933	0
934	1
935	0
936	0
937	0
938	1
939	0
940	1
941	1
942	3
943	0
944	1
945	0
946	2
947	2
948	1
949	2
950	1
951	3
952	0
953	0
954	3
955	0
956	2
957	0
958	1
959	1
960	2
961	1
962	2
963	1
964	0
965	0
966	2
967	1
968	0
969	0
970	2
971	2
972	1
973	0
974	2
975	1
976	2
977	1
978	0
979	1
980	1
981	0
982	1
983	0
984	1
985	2
986	1
987	1
988	0
989	1
990	1
991	4
992	0
993	1
994	2
995	1
996	2
997	1
998	0
999	2
1000	1
1001	0
1002	1
1003	1
1004	3
1005	1
1006	0
1007	0
1008	2
1009	0
1010	2
1011	1
1012	1
1013	1
1014	2
1015	3
1016	0
1017	0
1018	2
1019	2
1020	1
1021	0
1022	0
1023	1
1024	0
1025	1
1026	0
1027	0
1028	3
1029	3
1030	0
1031	2
1032	4
1033	1
1034	1
1035	1
1036	1
1037	1
1038	1
1039	0
1040	2
1041	2
1042	2
1043	2
1044	0
1045	0
1046	3
1047	2
1048	2
1049	4
1050	2
1051	0
1052	1
1053	4
1054	2
1055	2
1056	2
1057	1
1058	0
1059	2
1060	2
1061	2
1062	3
1063	2
1064	5
1065	4
1066	3
1067	3
1068	1
1069	0
1070	0
1071	4
1072	3
1073	2
1074	4
1075	2
1076	1
1077	1
1078	2
1079	3
1080	2
1081	2
1082	1
1083	2
1084	3
1085	0
1086	3
1087	3
1088	0
1089	2
1090	1
1091	5
1092	1
1093	1
1094	3
1095	0
1096	3
1097	2
1098	1
1099	2
1100	4
1101	4
1102	2
1103	1
1104	0
1105	2
1106	1
1107	3
1108	3
1109	2
1110	1
1111	2
1112	0
1113	0
1114	1
1115	1
1116	2
1117	2
1118	2
1119	2
1120	0
1121	1
1122	2
1123	5
1124	3
1125	2
1126	0
1127	1
1128	1
1129	2
1130	2
1131	1
1132	1
1133	0
1134	2
1135	5
1136	1
1137	2
1138	1
1139	3
1140	1
1141	1
1142	3
1143	3
1144	4
1145	2
1146	1
1147	5
1148	4
1149	1
1150	2
1151	2
1152	0
1153	1
1154	3
1155	1
1156	3
1157	3
1158	2
1159	3
1160	1
1161	3
1162	0
1163	4
1164	3
1165	3
1166	0
1167	1
1168	2
1169	1
1170	2
1171	5
1172	3
1173	2
1174	3
1175	2
1176	2
1177	2
1178	5
1179	2
1180	3
1181	1
1182	3
1183	2
1184	1
1185	3
1186	2
1187	2
1188	2
1189	3
1190	2
1191	1
1192	0
1193	4
1194	0
1195	2
1196	2
1197	3
1198	1
1199	3
1200	0
1201	0
1202	4
1203	2
1204	1
1205	1
1206	5
1207	2
1208	0
1209	3
1210	3
1211	0
1212	3
1213	1
1214	5
1215	3
1216	2
1217	2
1218	1
1219	4
1220	5
1221	3
1222	3
1223	0
1224	2
1225	5
1226	1
1227	1
1228	1
1229	1
1230	6
1231	7
1232	1
1233	5
1234	2
1235	1
1236	4
1237	3
1238	3
1239	3
1240	3
1241	3
1242	2
1243	2
1244	6
1245	2
1246	3
1247	1
1248	0
1249	1
1250	3
1251	2
1252	4
1253	3
1254	2
1255	1
1256	6
1257	0
1258	0
1259	2
1260	5
1261	4
1262	1
1263	6
1264	4
1265	1
1266	0
1267	2
1268	1
1269	2
1270	3
1271	3
1272	4
1273	2
1274	5
1275	6
1276	1
1277	2
1278	1
1279	2
1280	0
1281	3
1282	2
1283	5
1284	4
1285	3
1286	3
1287	4
1288	0
1289	3
1290	4
1291	2
1292	6
1293	2
1294	3
1295	4
1296	0
1297	4
1298	2
1299	2
1300	3
1301	6
1302	3
1303	3
1304	7
1305	2
1306	0
1307	2
1308	5
1309	5
1310	3
1311	6
1312	4
1313	2
1314	1
1315	2
1316	3
1317	4
1318	5
1319	1
1320	4
1321	4
1322	2
1323	4
1324	5
1325	4
1326	2
1327	3
1328	5
1329	3
1330	7
1331	2
1332	1
1333	0
1334	1
1335	4
1336	4
1337	6
1338	1
1339	5
1340	2
1341	2
1342	4
1343	3
1344	2
1345	3
1346	2
1347	1
1348	7
1349	3
1350	2
1351	4
1352	3
1353	1
1354	2
1355	5
1356	2
1357	4
1358	2
1359	1
1360	2
1361	1
1362	4
1363	2
1364	5
1365	3
1366	6
1367	0
1368	1
1369	3
1370	1
1371	3
1372	6
1373	2
1374	1
1375	1
1376	1
1377	1
1378	1
1379	5
1380	5
1381	2
1382	2
1383	4
1384	1
1385	4
1386	2
1387	1
1388	2
1389	2
1390	1
1391	0
1392	3
1393	7
1394	3
1395	4
1396	4
1397	2
1398	5
1399	1
1400	0
1401	4
1402	1
1403	3
1404	1
1405	3
1406	3
1407	2
1408	2
1409	1
1410	3
1411	2
1412	0
1413	0
1414	5
1415	5
1416	3
1417	2
1418	2
1419	3
1420	3
1421	2
1422	2
1423	5
1424	2
1425	1
1426	2
1427	3
1428	4
1429	2
1430	2
1431	2
1432	4
1433	1
1434	5
1435	4
1436	7
1437	3
1438	6
1439	7
1440	4
1441	3
1442	4
1443	9
1444	3
1445	3
1446	5
1447	2
1448	4
1449	3
1450	0
1451	4
1452	2
1453	0
1454	3
1455	4
1456	2
1457	3
1458	3
1459	5
1460	2
1461	5
1462	2
1463	3
1464	5
1465	4
1466	3
1467	5
1468	6
1469	2
1470	5
1471	2
1472	6
1473	2
1474	1
1475	2
1476	4
1477	0
1478	5
1479	2
1480	5
1481	2
1482	1
1483	1
1484	4
1485	1
1486	3
1487	1
1488	1
1489	4
1490	4
1491	3
1492	5
1493	5
1494	3
1495	2
1496	6
1497	4
1498	1
1499	2
1500	4
1501	1
1502	4
1503	7
1504	4
1505	4
1506	3
1507	6
1508	3
1509	5
1510	5
1511	3
1512	6
1513	5
1514	1
1515	4
1516	6
1517	4
1518	7
1519	1
1520	4
1521	6
1522	4
1523	5
1524	8
1525	3
1526	7
1527	5
1528	7
1529	6
1530	2
1531	4
1532	2
1533	2
1534	4
1535	3
1536	2
1537	2
1538	3
1539	5
1540	7
1541	1
1542	4
1543	0
1544	5
1545	1
1546	2
1547	0
1548	4
1549	2
1550	6
1551	2
1552	2
1553	3
1554	3
1555	8
1556	4
1557	2
1558	5
1559	1
1560	6
1561	1
1562	3
1563	5
1564	7
1565	5
1566	3
1567	6
1568	5
1569	6
1570	3
1571	8
1572	7
1573	1
1574	1
1575	5
1576	4
1577	4
1578	3
1579	6
1580	6
1581	5
1582	6
1583	5
1584	3
1585	2
1586	5
1587	2
1588	4
1589	1
1590	3
1591	3
1592	2
1593	3
1594	8
1595	6
1596	8
1597	6
1598	6
1599	8
1600	4
1601	7
1602	3
1603	2
1604	5
1605	1
1606	6
1607	3
1608	4
1609	1
1610	1
1611	5
1612	6
1613	3
1614	7
1615	4
1616	6
1617	2
1618	6
1619	5
1620	5
1621	3
1622	6
1623	5
1624	4
1625	5
1626	4
1627	3
1628	5
1629	3
1630	3
1631	7
1632	4
1633	3
1634	9
1635	2
1636	4
1637	3
1638	2
1639	3
1640	5
1641	4
1642	8
1643	5
1644	7
1645	2
1646	3
1647	8
1648	2
1649	7
1650	4
1651	2
1652	4
1653	4
1654	5
1655	5
1656	1
1657	3
1658	3
1659	2
1660	5
1661	5
1662	5
1663	9
1664	3
1665	2
1666	4
1667	6
1668	10
1669	1
1670	3
1671	3
1672	4
1673	5
1674	3
1675	2
1676	5
1677	5
1678	3
1679	3
1680	5
1681	4
1682	3
1683	5
1684	8
1685	2
1686	5
1687	4
1688	2
1689	3
1690	0
1691	6
1692	5
1693	5
1694	2
1695	1
1696	5
1697	0
1698	5
1699	3
1700	3
1701	3
1702	4
1703	3
1704	3
1705	3
1706	3
1707	5
1708	3
1709	4
1710	2
1711	8
1712	4
1713	2
1714	6
1715	4
1716	6
1717	4
1718	8
1719	4
1720	7
1721	8
1722	5
1723	3
1724	5
1725	8
1726	1
1727	3
1728	7
1729	3
1730	6
1731	9
1732	7
1733	0
1734	8
1735	3
1736	6
1737	8
1738	4
1739	2
1740	6
1741	4
1742	3
1743	8
1744	7
1745	6
1746	4
1747	10
1748	7
1749	7
1750	7
1751	4
1752	5
1753	4
1754	7
1755	3
1756	8
1757	8
1758	5
1759	6
1760	7
1761	3
1762	3
1763	5
1764	9
1765	2
1766	7
1767	5
1768	3
1769	2
1770	6
1771	3
1772	11
1773	6
1774	2
1775	6
1776	6
1777	3
1778	10
1779	4
1780	2
1781	4
1782	6
1783	3
1784	8
1785	7
1786	5
1787	1
1788	8
1789	3
1790	5
1791	6
1792	3
1793	4
1794	3
1795	5
1796	11
1797	1
1798	9
1799	4
1800	4
1801	3
1802	4
1803	7
1804	5
1805	8
1806	6
1807	0
1808	8
1809	4
1810	7
1811	3
1812	7
1813	4
1814	9
1815	2
1816	5
1817	5
1818	3
1819	8
1820	5
1821	6
1822	5
1823	6
1824	2
1825	4
1826	9
1827	5
1828	11
1829	3
1830	5
1831	6
1832	6
1833	8
1834	6
1835	5
1836	6
1837	7
1838	7
1839	10
1840	5
1841	8
1842	4
1843	11
1844	8
1845	6
1846	10
1847	5
1848	11
1849	10
1850	2
1851	4
1852	7
1853	13
1854	3
1855	11
1856	9
1857	8
1858	5
1859	12
1860	20
1861	7
1862	7
1863	5
1864	8
1865	6
1866	11
1867	14
1868	15
1869	3
1870	10
1871	9
1872	11
1873	9
1874	9
1875	12
1876	7
1877	6
1878	8
1879	7
1880	9
1881	10
1882	11
1883	13
1884	11
1885	10
1886	15
1887	10
1888	14
1889	13
1890	14
1891	13
1892	12
1893	12
1894	13
1895	17
1896	11
1897	18
1898	13
1899	11
1900	28
1901	14
1902	14
1903	4
1904	16
1905	17
1906	23
1907	21
1908	21
1909	11
1910	18
1911	19
1912	21
1913	13
1914	27
1915	16
1916	23
1917	22
1918	21
1919	22
1920	19
1921	17
1922	17
1923	24
1924	31
1925	18
1926	24
1927	14
1928	29
1929	30
1930	26
1931	19
1932	30
1933	33
1934	20
1935	23
1936	43
1937	20
1938	40
1939	29
1940	33
1941	22
1942	45
1943	20
1944	35
1945	22
1946	27
1947	22
1948	27
1949	30
1950	32
1951	36
1952	26
1953	30
1954	22
1955	29
1956	39
1957	17
1958	36
1959	17
1960	25
1961	23
1962	25
1963	21
1964	25
1965	29
1966	22
1967	21
1968	19
1969	17
1970	20
1971	23
1972	22
1973	16
1974	27
1975	13
1976	21
1977	20
1978	19
1979	19
1980	14
1981	19
1982	20
1983	12
1984	17
1985	9
1986	12
1987	21
1988	11
1989	10
1990	17
1991	13
1992	17
1993	17
1994	12
1995	9
1996	13
1997	13
1998	14
1999	7
2000	13
2001	11
2002	11
2003	9
2004	9
2005	11
2006	20
2007	9
2008	9
2009	17
2010	10
2011	12
2012	9
2013	9
2014	10
2015	17
2016	10
2017	9
2018	15
2019	12
2020	8
2021	7
2022	22
2023	6
2024	10
2025	20
2026	8
2027	13
2028	12
2029	7
2030	17
2031	14
2032	2
2033	7
2034	14
2035	7
2036	11
2037	6
2038	17
2039	4
2040	14
2041	9
2042	7
2043	8
2044	10
2045	9
2046	15
2047	13
2048	4
2049	6
2050	13
2051	7
2052	9
2053	3
2054	4
2055	4
2056	5
2057	13
2058	7
2059	9
2060	4
2061	5
2062	2
2063	4
2064	2
2065	9
2066	7
2067	6
2068	8
2069	6
2070	10
2071	6
2072	7
2073	7
2074	2
2075	7
2076	6
2077	7
2078	6
2079	10
2080	8
2081	3
2082	2
2083	4
2084	5
2085	5
2086	7
2087	9
2088	3
2089	1
2090	5
2091	1
2092	4
2093	4
2094	5
2095	4
2096	4
2097	3
2098	6
2099	7
2100	3
2101	5
2102	4
2103	4
2104	8
2105	4
2106	2
2107	6
2108	3
2109	9
2110	2
2111	4
2112	1
2113	4
2114	3
2115	4
2116	6
2117	6
2118	5
2119	8
2120	8
2121	7
2122	3
2123	5
2124	9
2125	9
2126	3
2127	6
2128	2
2129	11
2130	4
2131	5
2132	5
2133	3
2134	4
2135	4
2136	3
2137	8
2138	6
2139	5
2140	5
2141	9
2142	2
2143	10
2144	4
2145	6
2146	8
2147	3
2148	4
2149	5
2150	8
2151	7
2152	6
2153	11
2154	10
2155	7
2156	7
2157	9
2158	5
2159	8
2160	6
2161	8
2162	7
2163	9
2164	7
2165	10
2166	4
2167	7
2168	4
2169	2
2170	4
2171	5
2172	7
2173	6
2174	6
2175	5
2176	5
2177	5
2178	10
2179	17
2180	8
2181	8
2182	14
2183	12
2184	4
2185	14
2186	8
2187	10
2188	7
2189	10
2190	11
2191	7
2192	13
2193	7
2194	7
2195	13
2196	11
2197	8
2198	7
2199	6
2200	2
2201	7
2202	11
2203	11
2204	10
2205	8
2206	10
2207	8
2208	8
2209	4
2210	11
2211	5
2212	5
2213	6
2214	9
2215	7
2216	5
2217	11
2218	6
2219	5
2220	6
2221	5
2222	9
2223	10
2224	5
2225	7
2226	11
2227	16
2228	7
2229	11
2230	5
2231	4
2232	2
2233	3
2234	5
2235	7
2236	5
2237	9
2238	4
2239	5
2240	5
2241	7
2242	4
2243	6
2244	10
2245	9
2246	3
2247	4
2248	7
2249	2
2250	6
2251	5
2252	5
2253	4
2254	4
2255	2
2256	7
2257	4
2258	7
2259	6
2260	4
2261	3
2262	6
2263	3
2264	6
2265	7
2266	3
2267	5
2268	1
2269	3
2270	6
2271	8
2272	2
2273	2
2274	5
2275	2
2276	2
2277	1
2278	4
2279	1
2280	3
2281	7
2282	8
2283	5
2284	4
2285	7
2286	4
2287	1
2288	5
2289	4
2290	4
2291	14
2292	7
2293	2
2294	5
2295	3
2296	5
2297	8
2298	4
2299	3
2300	4
2301	5
2302	2
2303	3
2304	4
2305	6
2306	5
2307	8
2308	7
2309	4
2310	7
2311	5
2312	3
2313	6
2314	4
2315	3
2316	3
2317	4
2318	0
2319	3
2320	6
2321	2
2322	3
2323	5
2324	5
2325	2
2326	6
2327	4
2328	3
2329	8
2330	1
2331	5
2332	1
2333	5
2334	4
2335	2
2336	3
2337	3
2338	3
2339	5
2340	5
2341	3
2342	6
2343	3
2344	2
2345	1
2346	1
2347	4
2348	5
2349	2
2350	2
2351	3
2352	3
2353	1
2354	1
2355	8
2356	8
2357	0
2358	2
2359	9
2360	2
2361	3
2362	1
2363	3
2364	1
2365	2
2366	5
2367	1
2368	2
2369	2
2370	4
2371	5
2372	3
2373	4
2374	5
2375	4
2376	3
2377	3
2378	1
2379	1
2380	5
2381	3
2382	3
2383	3
2384	3
2385	1
2386	5
2387	4
2388	3
2389	2
2390	5
2391	3
2392	4
2393	6
2394	3
2395	4
2396	2
2397	3
2398	4
2399	4
2400	3
2401	8
2402	5
2403	2
2404	2
2405	2
2406	2
2407	3
2408	1
2409	6
2410	2
2411	3
2412	1
2413	2
2414	1
2415	2
2416	3
2417	5
2418	6
2419	5
2420	3
2421	4
2422	1
2423	3
2424	2
2425	6
2426	5
2427	1
2428	5
2429	4
2430	1
2431	3
2432	5
2433	1
2434	6
2435	1
2436	4
2437	1
2438	3
2439	3
2440	4
2441	2
2442	2
2443	3
2444	2
2445	4
2446	6
2447	2
2448	3
2449	4
2450	3
2451	3
2452	2
2453	1
2454	5
2455	1
2456	4
2457	6
2458	2
2459	7
2460	1
2461	3
2462	2
2463	1
2464	2
2465	2
2466	5
2467	6
2468	7
2469	1
2470	1
2471	0
2472	2
2473	3
2474	4
2475	1
2476	5
2477	6
2478	0
2479	1
2480	4
2481	7
2482	4
2483	0
2484	1
2485	2
2486	3
2487	3
2488	1
2489	8
2490	5
2491	6
2492	2
2493	3
2494	7
2495	3
2496	6
2497	3
2498	3
2499	3
2500	5
2501	1
2502	3
2503	0
2504	1
2505	6
2506	1
2507	2
2508	2
2509	4
2510	2
2511	1
2512	3
2513	2
2514	3
2515	3
2516	1
2517	8
2518	6
2519	1
2520	1
2521	3
2522	2
2523	5
2524	1
2525	4
2526	0
2527	3
2528	5
2529	8
2530	2
2531	1
2532	5
2533	3
2534	3
2535	1
2536	0
2537	2
2538	2
2539	5
2540	5
2541	2
2542	7
2543	1
2544	0
2545	5
2546	1
2547	3
2548	0
2549	2
2550	5
2551	2
2552	2
2553	4
2554	4
2555	1
2556	2
2557	4
2558	3
2559	0
2560	3
2561	3
2562	2
2563	0
2564	5
2565	1
2566	1
2567	1
2568	7
2569	2
2570	4
2571	3
2572	4
2573	1
2574	7
2575	3
2576	4
2577	1
2578	4
2579	6
2580	3
2581	3
2582	1
2583	4
2584	2
2585	3
2586	2
2587	5
2588	5
2589	4
2590	2
2591	2
2592	1
2593	7
2594	5
2595	7
2596	6
2597	8
2598	3
2599	4
2600	4
2601	5
2602	3
2603	5
2604	10
2605	4
2606	4
2607	8
2608	5
2609	7
2610	8
2611	6
2612	3
2613	6
2614	9
2615	11
2616	6
2617	4
2618	3
2619	6
2620	4
2621	5
2622	1
2623	2
2624	2
2625	0
2626	1
2627	3
2628	3
2629	5
2630	5
2631	0
2632	2
2633	3
2634	3
2635	4
2636	4
2637	5
2638	9
2639	4
2640	3
2641	1
2642	1
2643	7
2644	0
2645	0
2646	6
2647	1
2648	2
2649	3
2650	1
2651	0
2652	6
2653	2
2654	3
2655	3
2656	4
2657	4
2658	4
2659	2
2660	2
2661	0
2662	4
2663	1
2664	0
2665	0
2666	1
2667	3
2668	3
2669	2
2670	1
2671	1
2672	2
2673	3
2674	2
2675	4
2676	3
2677	1
2678	3
2679	3
2680	2
2681	5
2682	2
2683	4
2684	0
2685	5
2686	5
2687	1
2688	5
2689	3
2690	3
2691	0
2692	3
2693	3
2694	6
2695	0
2696	4
2697	6
2698	7
2699	3
2700	2
2701	3
2702	6
2703	2
2704	2
2705	3
2706	5
2707	2
2708	2
2709	5
2710	9
2711	0
2712	4
2713	5
2714	3
2715	2
2716	2
2717	2
2718	3
2719	4
2720	3
2721	1
2722	6
2723	2
2724	0
2725	2
2726	3
2727	3
2728	4
2729	3
2730	0
2731	1
2732	1
2733	1
2734	4
2735	0
2736	3
2737	2
2738	2
2739	2
2740	5
2741	1
2742	4
2743	1
2744	3
2745	3
2746	1
2747	4
2748	7
2749	6
2750	1
2751	5
2752	3
2753	4
2754	1
2755	1
2756	0
2757	2
2758	2
2759	1
2760	2
2761	0
2762	0
2763	1
2764	3
2765	3
2766	4
2767	5
2768	1
2769	3
2770	3
2771	2
2772	2
2773	0
2774	2
2775	3
2776	8
2777	2
2778	4
2779	2
2780	3
2781	5
2782	2
2783	4
2784	2
2785	2
2786	1
2787	3
2788	6
2789	2
2790	4
2791	8
2792	2
2793	2
2794	1
2795	0
2796	0
2797	4
2798	3
2799	1
2800	1
2801	2
2802	4
2803	2
2804	2
2805	2
2806	1
2807	4
2808	3
2809	7
2810	1
2811	2
2812	4
2813	5
2814	2
2815	0
2816	2
2817	2
2818	2
2819	1
2820	6
2821	5
2822	5
2823	1
2824	4
2825	2
2826	3
2827	4
2828	2
2829	5
2830	2
2831	1
2832	3
2833	2
2834	4
2835	2
2836	1
2837	1
2838	2
2839	1
2840	2
2841	3
2842	0
2843	0
2844	4
2845	4
2846	4
2847	4
2848	1
2849	2
2850	4
2851	3
2852	2
2853	1
2854	3
2855	2
2856	0
2857	6
2858	2
2859	2
2860	2
2861	4
2862	2
2863	4
2864	4
2865	2
2866	3
2867	2
2868	2
2869	2
2870	0
2871	1
2872	4
2873	2
2874	2
2875	3
2876	0
2877	4
2878	4
2879	2
2880	4
2881	3
2882	5
2883	2
2884	3
2885	1
2886	4
2887	1
2888	2
2889	4
2890	6
2891	3
2892	0
2893	1
2894	6
2895	1
2896	3
2897	2
2898	3
2899	3
2900	4
2901	0
2902	3
2903	3
2904	3
2905	3
2906	3
2907	1
2908	2
2909	6
2910	2
2911	0
2912	1
2913	2
2914	2
2915	4
2916	3
2917	1
2918	3
2919	0
2920	0
2921	3
2922	3
2923	4
2924	2
2925	2
2926	2
2927	0
2928	3
2929	1
2930	5
2931	3
2932	2
2933	3
2934	5
2935	1
2936	2
2937	3
2938	2
2939	3
2940	2
2941	6
2942	4
2943	3
2944	1
2945	4
2946	2
2947	1
2948	1
2949	0
2950	5
2951	1
2952	3
2953	2
2954	1
2955	1
2956	3
2957	0
2958	4
2959	2
2960	1
2961	4
2962	5
2963	4
2964	0
2965	3
2966	2
2967	0
2968	2
2969	3
2970	4
2971	4
2972	4
2973	3
2974	4
2975	4
2976	1
2977	6
2978	7
2979	3
2980	0
2981	2
2982	6
2983	7
2984	2
2985	3
2986	1
2987	3
2988	4
2989	1
2990	5
2991	1
2992	4
2993	1
2994	3
2995	2
2996	1
2997	4
2998	1
2999	0
3000	3
3001	2
3002	3
3003	4
3004	3
3005	1
3006	0
3007	2
3008	5
3009	1
3010	1
3011	6
3012	3
3013	2
3014	4
3015	0
3016	1
3017	2
3018	1
3019	2
3020	1
3021	2
3022	1
3023	3
3024	2
3025	3
3026	4
3027	2
3028	0
3029	0
3030	4
3031	2
3032	3
3033	6
3034	3
3035	4
3036	6
3037	3
3038	3
3039	3
3040	2
3041	2
3042	2
3043	2
3044	2
3045	1
3046	2
3047	2
3048	2
3049	5
3050	6
3051	2
3052	1
3053	2
3054	4
3055	0
3056	2
3057	1
3058	2
3059	5
3060	4
3061	1
3062	5
3063	3
3064	0
3065	3
3066	3
3067	0
3068	2
3069	1
3070	2
3071	1
3072	1
3073	1
3074	2
3075	5
3076	4
3077	1
3078	2
3079	3
3080	1
3081	3
3082	6
3083	3
3084	3
3085	1
3086	4
3087	2
3088	5
3089	4
3090	2
3091	2
3092	1
3093	2
3094	2
3095	3
3096	0
3097	4
3098	2
3099	2
3100	3
3101	2
3102	2
3103	1
3104	2
3105	1
3106	5
3107	1
3108	3
3109	3
3110	9
3111	1
3112	2
3113	3
3114	2
3115	1
3116	3
3117	6
3118	3
3119	0
3120	2
3121	1
3122	5
3123	1
3124	0
3125	2
3126	1
3127	2
3128	1
3129	3
3130	3
3131	3
3132	3
3133	0
3134	4
3135	2
3136	1
3137	1
3138	0
3139	2
3140	3
3141	3
3142	2
3143	3
3144	1
3145	2
3146	2
3147	3
3148	1
3149	1
3150	1
3151	3
3152	0
3153	1
3154	1
3155	0
3156	6
3157	3
3158	5
3159	1
3160	4
3161	1
3162	1
3163	3
3164	1
3165	1
3166	2
3167	1
3168	1
3169	0
3170	1
3171	2
3172	4
3173	2
3174	1
3175	1
3176	0
3177	3
3178	2
3179	4
3180	0
3181	1
3182	1
3183	3
3184	0
3185	0
3186	2
3187	2
3188	2
3189	2
3190	2
3191	3
3192	1
3193	5
3194	1
3195	6
3196	3
3197	3
3198	2
3199	2
3200	2
3201	3
3202	2
3203	3
3204	1
3205	2
3206	1
3207	1
3208	1
3209	4
3210	3
3211	2
3212	2
3213	4
3214	2
3215	1
3216	1
3217	2
3218	0
3219	0
3220	4
3221	1
3222	1
3223	3
3224	1
3225	3
3226	0
3227	5
3228	3
3229	0
3230	0
3231	1
3232	0
3233	4
3234	2
3235	1
3236	2
3237	2
3238	2
3239	2
3240	1
3241	2
3242	2
3243	0
3244	1
3245	0
3246	0
3247	1
3248	1
3249	4
3250	1
3251	0
3252	2
3253	1
3254	3
3255	4
3256	1
3257	2
3258	3
3259	2
3260	1
3261	1
3262	3
3263	1
3264	3
3265	2
3266	4
3267	0
3268	1
3269	2
3270	2
3271	2
3272	3
3273	1
3274	0
3275	0
3276	3
3277	1
3278	0
3279	1
3280	1
3281	1
3282	2
3283	0
3284	1
3285	0
3286	1
3287	3
3288	1
3289	1
3290	2
3291	1
3292	0
3293	4
3294	1
3295	0
3296	1
3297	0
3298	1
3299	1
3300	3
3301	1
3302	2
3303	1
3304	1
3305	3
3306	1
3307	3
3308	3
3309	1
3310	1
3311	1
3312	0
3313	1
3314	3
3315	3
3316	4
3317	2
3318	3
3319	1
3320	2
3321	1
3322	2
3323	0
3324	2
3325	1
3326	2
3327	2
3328	1
3329	3
3330	2
3331	2
3332	1
3333	2
3334	3
3335	0
3336	3
3337	0
3338	1
3339	3
3340	1
3341	3
3342	1
3343	2
3344	1
3345	1
3346	2
3347	1
3348	2
3349	2
3350	3
3351	1
3352	1
3353	1
3354	2
3355	1
3356	0
3357	0
3358	0
3359	2
3360	0
3361	0
3362	1
3363	3
3364	0
3365	3
3366	2
3367	0
3368	1
3369	3
3370	1
3371	0
3372	1
3373	0
3374	2
3375	2
3376	1
3377	0
3378	1
3379	2
3380	0
3381	1
3382	1
3383	2
3384	0
3385	2
3386	0
3387	0
3388	0
3389	0
3390	1
3391	1
3392	1
3393	2
3394	0
3395	0
3396	1
3397	0
3398	2
3399	3
3400	2
3401	2
3402	2
3403	0
3404	1
3405	0
3406	2
3407	0
3408	0
3409	1
3410	1
3411	0
3412	0
3413	2
3414	3
3415	2
3416	1
3417	2
3418	1
3419	0
3420	0
3421	1
3422	2
3423	0
3424	1
3425	1
3426	1
3427	1
3428	0
3429	1
3430	1
3431	0
3432	2
3433	5
3434	1
3435	1
3436	1
3437	0
3438	1
3439	0
3440	0
3441	1
3442	2
3443	2
3444	0
3445	1
3446	1
3447	1
3448	0
3449	3
3450	1
3451	1
3452	1
3453	0
3454	1
3455	2
3456	1
3457	2
3458	1
3459	0
3460	1
3461	0
3462	2
3463	3
3464	1
3465	1
3466	1
3467	2
3468	4
3469	0
3470	1
3471	0
3472	0
3473	2
3474	1
3475	0
3476	0
3477	0
3478	1
3479	1
3480	1
3481	2
3482	1
3483	1
3484	1
3485	1
3486	0
3487	1
3488	1
3489	2
3490	1
3491	1
3492	2
3493	0
3494	1
3495	1
3496	1
3497	2
3498	0
3499	3
3500	3
3501	2
3502	2
3503	3
3504	3
3505	1
3506	1
3507	1
3508	2
3509	0
3510	2
3511	1
3512	0
3513	2
3514	0
3515	1
3516	0
3517	1
3518	2
3519	0
3520	2
3521	0
3522	0
3523	0
3524	1
3525	0
3526	1
3527	3
3528	2
3529	0
3530	0
3531	1
3532	0
3533	1
3534	1
3535	1
3536	0
3537	0
3538	0
3539	2
3540	1
3541	1
3542	1
3543	0
3544	0
3545	1
3546	3
3547	1
3548	0
3549	1
3550	0
3551	1
3552	0
3553	0
3554	1
3555	2
3556	4
3557	0
3558	0
3559	1
3560	1
3561	0
3562	0
3563	0
3564	0
3565	1
3566	1
3567	0
3568	0
3569	0
3570	1
3571	0
3572	0
3573	0
3574	0
3575	0
3576	0
3577	1
3578	0
3579	0
3580	1
3581	0
3582	0
3583	0
3584	0
3585	2
3586	1
3587	2
3588	1
3589	0
3590	1
3591	0
3592	0
3593	5
3594	0
3595	0
3596	0
3597	2
3598	0
3599	0
3600	0
3601	1
3602	0
3603	0
3604	0
3605	0
3606	0
3607	0
3608	0
3609	2
3610	0
3611	0
3612	0
3613	0
3614	0
3615	1
3616	0
3617	1
3618	1
3619	0
3620	1
3621	0
3622	1
3623	1
3624	0
3625	0
3626	0
3627	1
3628	0
3629	0
3630	0
3631	1
3632	1
3633	1
3634	0
3635	1
3636	0
3637	1
3638	1
3639	0
3640	0
3641	0
3642	1
3643	0
3644	0
3645	1
3646	0
3647	0
3648	1
3649	0
3650	1
3651	0
3652	0
3653	0
3654	0
3655	1
3656	0
3657	1
3658	0
3659	1
3660	0
3661	0
3662	0
3663	0
3664	0
3665	0
3666	1
3667	2
3668	1
3669	1
3670	1
3671	0
3672	0
3673	1
3674	0
3675	0
3676	0
3677	0
3678	0
3679	0
3680	0
3681	0
3682	1
3683	1
3684	0
3685	0
3686	1
3687	0
3688	1
3689	1
3690	0
3691	0
3692	1
3693	0
3694	0
3695	0
3696	1
3697	0
3698	0
3699	0
3700	1
3701	0
3702	0
3703	0
3704	0
3705	1
3706	0
3707	0
3708	0
3709	0
3710	0
3711	0
3712	0
3713	0
3714	1
3715	0
3716	1
3717	0
3718	1
3719	0
3720	0
3721	0
3722	1
3723	0
3724	0
3725	1
3726	0
3727	0
3728	0
3729	0
3730	0
3731	1
3732	0
3733	0
3734	0
3735	0
3736	0
3737	0
3738	0
3739	0
3740	0
3741	0
3742	1
3743	0
3744	0
3745	0
3746	0
3747	0
3748	0
3749	0
3750	0
3751	0
3752	2
3753	0
3754	0
3755	0
3756	0
3757	0
3758	0
3759	0
3760	1
3761	0
3762	1
3763	0
3764	0
3765	1
3766	0
3767	0
3768	0
3769	1
3770	0
3771	0
3772	0
3773	0
3774	0
3775	0
3776	0
3777	0
3778	0
3779	0
3780	1
3781	0
3782	0
3783	0
3784	0
3785	0
3786	0
3787	1
3788	1
3789	0
3790	0
3791	0
3792	0
3793	0
3794	0
3795	0
3796	0
3797	0
3798	1
3799	0
3800	0
3801	0
3802	1
3803	0
3804	0
3805	0
3806	0
3807	0
3808	0
3809	0
3810	0
3811	0
3812	0
3813	0
3814	0
3815	0
3816	0
3817	0
3818	0
3819	0
3820	0
3821	0
3822	0
3823	0
3824	1
3825	0
3826	0
3827	0
3828	0
3829	0
3830	0
3831	0
3832	0
3833	0
3834	0
3835	0
3836	0
3837	0
3838	0
3839	0
3840	0
3841	0
3842	0
3843	0
3844	0
3845	0
3846	0
3847	0
3848	0
3849	0
3850	0
3851	0
3852	0
3853	0
3854	1
3855	0
3856	1
3857	0
3858	0
3859	0
3860	0
3861	0
3862	0
3863	0
3864	0
3865	0
3866	0
3867	0
3868	0
3869	0
3870	0
3871	0
3872	1
3873	0
3874	0
3875	1
3876	0
3877	0
3878	0
3879	0
3880	0
3881	1
3882	0
3883	0
3884	0
3885	0
3886	0
3887	0
3888	0
3889	0
3890	0
3891	0
3892	0
3893	0
3894	1
3895	0
3896	0
3897	0
3898	0
3899	0
3900	0
3901	0
3902	0
3903	0
3904	0
3905	0
3906	0
3907	0
3908	0
3909	0
3910	0
3911	0
3912	0
3913	0
3914	0
3915	0
3916	0
3917	1
3918	0
3919	0
3920	0
3921	0
3922	0
3923	0
3924	0
3925	0
3926	0
3927	0
3928	0
3929	0
3930	0
3931	0
3932	0
3933	0
3934	0
3935	0
3936	0
3937	0
3938	0
3939	0
3940	0
3941	0
3942	0
3943	0
3944	0
3945	0
3946	0
3947	0
3948	0
3949	0
3950	0
3951	0
3952	0
3953	0
3954	0
3955	0
3956	0
3957	0
3958	0
3959	0
3960	0
3961	0
3962	0
3963	1
3964	0
3965	0
3966	0
3967	0
3968	0
3969	0
3970	0
3971	0
3972	0
3973	0
3974	0
3975	0
3976	0
3977	0
3978	0
3979	0
3980	0
3981	0
3982	0
3983	0
3984	0
3985	0
3986	0
3987	0
3988	0
3989	0
3990	0
3991	0
3992	0
3993	0
3994	0
3995	0
3996	0
3997	0
3998	0
3999	0
4000	0
